NODES 121
EDGES 120
0 1
0 2
0 3
1 4
1 5
1 6
2 7
2 8
2 9
3 10
3 11
3 12
4 13
4 14
4 15
5 16
5 17
5 18
6 19
6 20
6 21
7 22
7 23
7 24
8 25
8 26
8 27
9 28
9 29
9 30
10 31
10 32
10 33
11 34
11 35
11 36
12 37
12 38
12 39
13 40
13 41
13 42
14 43
14 44
14 45
15 46
15 47
15 48
16 49
16 50
16 51
17 52
17 53
17 54
18 55
18 56
18 57
19 58
19 59
19 60
20 61
20 62
20 63
21 64
21 65
21 66
22 67
22 68
22 69
23 70
23 71
23 72
24 73
24 74
24 75
25 76
25 77
25 78
26 79
26 80
26 81
27 82
27 83
27 84
28 85
28 86
28 87
29 88
29 89
29 90
30 91
30 92
30 93
31 94
31 95
31 96
32 97
32 98
32 99
33 100
33 101
33 102
34 103
34 104
34 105
35 106
35 107
35 108
36 109
36 110
36 111
37 112
37 113
37 114
38 115
38 116
38 117
39 118
39 119
39 120
POSITIONS
99.967636 -6.676841
-13.960208 76.48703
3.2581003 -75.324066
55.822556 5.61786
-52.672382 7.257341
65.37359 -37.885418
6.1100636 167.79292
-82.35214 -54.979168
12.504315 53.200214
-115.46465 14.248412
56.58972 -111.71791
47.772118 98.36308
-5.77259 -44.626293
152.57523 -53.854458
-115.80937 200.31418
-72.66672 -188.78937
165.76031 71.45198
-176.24234 -28.073061
155.49855 -146.45592
27.312202 271.88766
-135.20186 -10.939729
191.92209 160.07712
-241.36491 65.36247
-50.97381 -273.03775
55.030552 129.52242
-90.115906 -86.73805
243.9852 14.234792
-67.59 228.83868
-142.74318 -194.491
89.23678 122.53275
-296.6765 26.196798
87.1436 -304.81488
117.92684 170.64423
-100.32724 -134.15465
276.2901 109.677536
-180.88008 196.52043
-3.5728738 -167.01318
132.88715 132.2967
-241.54787 -112.77403
216.16473 -141.57857
171.54921 184.74605
75.0151 -263.9136
330.86526 32.196632
-269.5763 252.50613
-61.525772 -23.49354
-37.26355 368.86188
-236.00397 -279.60382
179.43578 -213.1822
-145.39049 28.896698
123.59484 -143.97556
302.38806 162.29832
-94.680885 142.82129
-51.42602 -224.0512
-162.3318 222.5965
-332.38486 -162.19948
348.5965 -124.07512
-8.034563 -12.160956
153.84718 -321.19153
108.79651 402.10388
-250.28651 174.04132
222.99696 152.47499
-218.76297 179.5426
-193.56236 -246.32654
106.54892 31.31855
-54.324417 193.17982
325.17297 -64.95828
238.91039 300.99088
-386.0323 -37.150024
41.361526 67.020935
-311.97583 253.416
-14.157484 -430.5557
170.14455 -92.063255
-253.49487 -248.07358
245.3091 -17.735773
63.96517 342.7275
-39.75089 -87.52989
118.40209 -37.182987
-326.94284 15.806899
-99.02435 -297.05365
311.57465 192.95132
-15.195764 -137.19864
412.4971 -103.97878
-171.06075 373.07007
-157.71819 -95.61158
106.40163 325.55658
-315.75607 -134.85934
4.4002156 -367.0512
-110.8811 49.48552
-156.4615 -63.636276
365.45526 68.26464
-14.743463 300.8688
-268.25247 -177.235
-128.47614 243.09294
-451.05334 10.821905
246.36862 -335.3439
21.20504 0.9787949
-45.553368 -436.7443
295.04675 257.5495
-90.50341 310.73535
218.86133 -35.7453
-63.751835 134.61203
-310.08923 -220.38774
129.38196 -229.30273
156.1158 273.49524
295.42224 -166.47603
405.01953 185.22461
-368.0198 204.12999
23.151215 -30.958475
-150.61975 397.6905
-166.67511 -324.0192
233.03442 -189.8542
-231.68336 -21.322247
187.73553 -126.61713
231.95404 332.22562
-131.74124 99.857895
-26.921818 -249.68863
-356.25137 89.665115
-313.66397 -287.75043
380.97086 -31.138386
-122.00063 -84.02435
289.30637 -330.972
