NODES 64
EDGES 112
0 1
0 8
1 2
1 9
2 3
2 10
3 4
3 11
4 5
4 12
5 6
5 13
6 7
6 14
7 15
8 9
8 16
9 10
9 17
10 11
10 18
11 12
11 19
12 13
12 20
13 14
13 21
14 15
14 22
15 23
16 17
16 24
17 18
17 25
18 19
18 26
19 20
19 27
20 21
20 28
21 22
21 29
22 23
22 30
23 31
24 25
24 32
25 26
25 33
26 27
26 34
27 28
27 35
28 29
28 36
29 30
29 37
30 31
30 38
31 39
32 33
32 40
33 34
33 41
34 35
34 42
35 36
35 43
36 37
36 44
37 38
37 45
38 39
38 46
39 47
40 41
40 48
41 42
41 49
42 43
42 50
43 44
43 51
44 45
44 52
45 46
45 53
46 47
46 54
47 55
48 49
48 56
49 50
49 57
50 51
50 58
51 52
51 59
52 53
52 60
53 54
53 61
54 55
54 62
55 63
56 57
57 58
58 59
59 60
60 61
61 62
62 63
POSITIONS
-105.645645 -25.428782
-101.84012 -12.954125
-92.30822 6.5404077
-79.382164 29.14474
-64.9907 52.3993
-50.62887 74.24738
-37.716522 92.01633
-28.46774 101.63122
-95.144066 -34.299072
-90.096535 -21.485779
-79.92597 -1.2837522
-66.634026 21.830885
-52.07724 45.472767
-37.58183 67.981155
-24.49419 86.81786
-15.648251 97.820015
-75.64807 -46.324974
-69.65762 -33.783333
-58.613483 -13.340455
-44.82932 10.038648
-30.348372 33.776768
-16.140615 57.021393
-3.5038652 76.99713
4.5144544 88.833275
-51.46392 -59.274677
-44.87752 -46.931656
-33.291187 -26.37093
-19.213802 -2.8358305
-5.2243886 20.401255
8.586893 44.234936
20.768024 64.95908
28.160097 77.30972
-25.691183 -71.92559
-18.784933 -59.76016
-7.2515535 -39.188076
6.110157 -15.323809
19.82859 7.9925838
34.03102 31.608774
45.955368 52.42303
52.82562 65.01103
-0.74187493 -83.193695
6.601461 -71.44155
18.286 -51.492123
31.662956 -28.153486
45.54152 -4.267373
59.089497 19.30294
70.152824 40.05331
76.23173 52.855736
20.642189 -91.4799
28.693481 -80.44399
40.63329 -61.561256
54.014004 -38.976826
67.67842 -15.19794
80.42161 8.142862
90.343475 28.64316
95.30745 41.689728
34.176483 -94.63997
42.646664 -84.92084
54.320614 -67.11302
67.413055 -45.228897
80.74358 -21.875862
92.93847 0.9332237
102.064575 20.69182
105.68521 33.34246
