NODES 60
EDGES 138
0 2
0 3
0 4
0 8
0 10
0 11
1 3
1 4
1 7
1 10
2 4
2 5
2 7
2 8
2 9
3 8
4 8
4 9
4 10
4 11
5 6
5 7
5 8
5 10
5 11
6 7
6 8
7 8
7 10
7 11
12 13
12 14
12 15
12 16
12 17
12 20
12 22
13 15
13 16
13 18
13 21
13 22
14 16
14 17
14 18
14 22
14 23
15 20
16 17
16 19
17 18
17 20
17 23
18 21
19 22
19 23
20 21
21 23
22 23
24 27
24 29
24 32
24 35
25 28
25 31
25 32
26 28
26 29
26 30
26 32
26 33
26 34
27 28
27 31
27 32
27 34
27 35
28 34
28 35
30 31
30 33
30 35
31 32
31 35
32 33
34 35
36 42
36 44
36 46
36 47
37 39
37 47
38 39
38 44
39 40
39 42
39 43
39 46
39 47
40 42
41 43
41 45
41 46
42 43
42 44
42 46
43 46
43 47
44 45
45 47
46 47
48 54
48 56
48 59
49 50
49 51
49 53
49 56
49 58
50 53
50 55
50 56
50 59
51 55
51 56
52 55
52 56
52 57
53 56
53 57
53 58
54 58
56 57
56 59
0 12
12 24
24 36
36 48
POSITIONS
67.89048 37.093155
1.7688967 54.84315
40.799637 -60.67906
123.73842 132.01614
5.099171 5.7142863
119.0626 -43.824364
123.27001 62.437275
64.42377 -1.9882765
146.97076 15.00218
-127.176025 -10.583513
1.351423 -85.55354
64.23793 75.61614
-131.95027 -110.03942
-56.05609 -104.80638
-97.874794 2.295356
-87.946365 -228.15463
-68.61924 -10.883258
-162.16908 -90.37392
26.598219 -105.21561
-100.07646 101.29924
-130.0282 -203.60239
18.809065 -168.05875
-152.31024 11.000167
-98.752396 -81.560616
81.67633 196.62346
-161.2826 60.033558
91.34137 15.320248
-32.534817 214.25217
-44.553474 90.287895
209.95299 128.93965
-101.36676 -29.515789
-56.168232 120.29029
13.550676 134.33165
-32.90926 -20.412786
55.798042 145.54597
-43.499176 168.63133
118.096146 -229.38441
263.90552 -139.68484
56.07371 -286.19388
144.89645 -209.9587
226.00624 -69.13781
-21.03776 -218.86609
177.41536 -179.39178
65.1526 -213.51537
182.66452 -261.4456
156.93013 -149.89102
83.44142 -259.04205
193.468 -216.8404
-259.85388 190.38556
-105.51246 204.25584
-3.5626044 227.83931
-150.23526 119.29791
32.287228 -11.162008
-93.78127 249.56248
-243.88644 162.65398
97.36389 111.16082
-143.73573 176.65715
-87.409 71.913284
-70.16291 289.68655
-189.58203 224.78806
