NODES 121
EDGES 120
0 1
0 2
0 3
1 4
1 5
1 6
2 7
2 8
2 9
3 10
3 11
3 12
4 13
4 14
4 15
5 16
5 17
5 18
6 19
6 20
6 21
7 22
7 23
7 24
8 25
8 26
8 27
9 28
9 29
9 30
10 31
10 32
10 33
11 34
11 35
11 36
12 37
12 38
12 39
13 40
13 41
13 42
14 43
14 44
14 45
15 46
15 47
15 48
16 49
16 50
16 51
17 52
17 53
17 54
18 55
18 56
18 57
19 58
19 59
19 60
20 61
20 62
20 63
21 64
21 65
21 66
22 67
22 68
22 69
23 70
23 71
23 72
24 73
24 74
24 75
25 76
25 77
25 78
26 79
26 80
26 81
27 82
27 83
27 84
28 85
28 86
28 87
29 88
29 89
29 90
30 91
30 92
30 93
31 94
31 95
31 96
32 97
32 98
32 99
33 100
33 101
33 102
34 103
34 104
34 105
35 106
35 107
35 108
36 109
36 110
36 111
37 112
37 113
37 114
38 115
38 116
38 117
39 118
39 119
39 120
POSITIONS
-3.7346842 2.1841388
48.374153 -75.92674
-40.61586 39.775383
-2.9367368 34.50459
65.191956 -107.868126
-0.56967676 -130.65602
114.73655 -70.06159
12.854346 104.141624
-82.871056 55.683052
-114.52838 -7.6469045
-26.577393 112.056946
-3.0031614 1.9621167
42.19218 38.863556
74.40732 -97.87209
63.70041 -129.88573
86.514626 -123.23245
-18.904348 -159.1258
-23.397495 -134.66733
2.6181414 -151.9704
138.09813 -86.908936
147.05664 -66.8558
132.89056 -50.369263
39.671177 112.59072
40.755787 136.03261
18.931957 133.87451
-103.5064 53.49485
-101.29027 76.71906
-71.18674 61.91564
-138.8148 -22.529999
-121.2999 -33.5486
-140.59566 -2.1657817
-55.0274 124.26426
-29.760065 127.46949
-39.658672 147.29553
-27.734201 -16.744564
-0.51266634 -2.1790848
-5.252485 -28.303522
28.140285 32.831535
56.18912 28.357891
60.668137 49.75887
71.963745 -92.56749
77.98157 -92.3189
80.613655 -97.52455
58.907787 -134.11342
67.12805 -136.21364
62.59724 -137.77287
93.40994 -128.01181
93.35102 -123.10258
89.124504 -130.22235
-26.027824 -162.84978
-20.002659 -167.23288
-24.600248 -167.24045
-29.563177 -131.78291
-32.12888 -135.96121
-28.85522 -139.28322
3.0560436 -160.26991
-0.91582865 -157.26833
6.9015117 -157.10793
145.6459 -87.959984
145.45532 -92.57737
140.722 -93.42768
153.4638 -62.407974
154.30968 -69.588326
156.8122 -65.649445
139.94792 -47.675243
138.74265 -43.22527
133.84389 -43.477474
48.12495 111.05647
46.32361 118.4462
50.5278 115.7477
50.625027 140.44041
44.914883 145.2631
49.81478 145.03542
24.314335 140.16331
21.544292 143.92946
17.112923 140.85303
-110.05737 56.16973
-111.7137 51.697376
-107.991135 48.06341
-103.00835 83.23772
-108.86289 78.051895
-107.78879 82.625824
-65.35543 63.37372
-67.2044 57.49111
-69.52784 67.387314
-147.45816 -24.178331
-143.59964 -29.669691
-148.12352 -28.7879
-121.0013 -41.174816
-125.39198 -43.215958
-127.69221 -39.345356
-151.0527 -1.741137
-148.37573 -5.402601
-147.48749 1.4655179
-54.592396 132.75668
-57.38656 126.360916
-58.505573 130.96872
-24.691784 137.53452
-28.863922 133.58096
-20.36075 134.9489
-34.931446 159.31502
-42.236774 157.5568
-39.049976 161.12112
-23.075382 -17.859907
-25.154615 -12.552369
-26.621042 -17.11073
17.974983 -13.476003
15.078663 -7.3651276
10.432875 -8.242537
-2.5846791 -27.37097
-0.26065624 -24.571705
-5.7749386 -26.03578
25.814693 30.426924
30.926476 26.892906
26.549717 36.853817
66.54114 23.451742
61.80299 21.16637
66.506744 28.607895
72.481575 53.6824
71.822815 48.95775
67.97154 56.121677
