NODES 60
EDGES 138
0 2
0 3
0 4
0 8
0 10
0 11
1 3
1 4
1 7
1 10
2 4
2 5
2 7
2 8
2 9
3 8
4 8
4 9
4 10
4 11
5 6
5 7
5 8
5 10
5 11
6 7
6 8
7 8
7 10
7 11
12 13
12 14
12 15
12 16
12 17
12 20
12 22
13 15
13 16
13 18
13 21
13 22
14 16
14 17
14 18
14 22
14 23
15 20
16 17
16 19
17 18
17 20
17 23
18 21
19 22
19 23
20 21
21 23
22 23
24 27
24 29
24 32
24 35
25 28
25 31
25 32
26 28
26 29
26 30
26 32
26 33
26 34
27 28
27 31
27 32
27 34
27 35
28 34
28 35
30 31
30 33
30 35
31 32
31 35
32 33
34 35
36 42
36 44
36 46
36 47
37 39
37 47
38 39
38 44
39 40
39 42
39 43
39 46
39 47
40 42
41 43
41 45
41 46
42 43
42 44
42 46
43 46
43 47
44 45
45 47
46 47
48 54
48 56
48 59
49 50
49 51
49 53
49 56
49 58
50 53
50 55
50 56
50 59
51 55
51 56
52 55
52 56
52 57
53 56
53 57
53 58
54 58
56 57
56 59
0 12
12 24
24 36
36 48
POSITIONS
-59.685623 -46.852547
-57.595398 -75.06821
-79.446396 -66.38961
-57.150654 -63.54755
-69.83414 -61.314846
-78.49877 -80.62106
-78.69659 -88.70062
-70.15528 -82.58717
-73.57399 -72.819786
-82.5963 -59.000065
-63.197308 -72.53209
-68.048164 -67.665146
-16.743757 56.299496
-14.233168 80.8833
2.3274314 82.91878
-17.265467 67.99091
-3.9308844 76.71879
1.8694757 75.6259
-1.9519883 89.911064
5.4996657 94.15037
-10.389004 70.4752
-10.390696 93.43538
-6.4952226 86.38922
0.8123087 96.63176
-42.147316 42.064407
-95.11814 56.778793
-91.60574 45.291725
-73.82401 53.852814
-88.70273 55.878925
-65.15155 39.821037
-100.634636 56.62329
-90.66731 62.876232
-82.269035 46.329155
-100.702415 46.18909
-83.219505 54.873737
-78.583176 60.70405
61.77686 6.009944
106.76072 19.30891
90.186806 3.7939112
100.09436 13.984288
99.04128 6.0702453
89.01246 32.25053
86.14737 10.665467
96.52935 25.5376
76.38486 8.776576
80.44309 24.815428
85.83498 21.211264
91.8693 19.426651
89.52294 -58.12483
111.82866 -94.20048
104.98666 -97.85829
101.56231 -104.20085
95.66051 -109.52305
113.96826 -99.85063
103.35911 -68.45607
99.69938 -112.34385
99.43155 -93.016525
106.152016 -108.31915
114.40115 -84.29361
95.806725 -80.59889
