NODES 64
EDGES 112
0 1
0 8
1 2
1 9
2 3
2 10
3 4
3 11
4 5
4 12
5 6
5 13
6 7
6 14
7 15
8 9
8 16
9 10
9 17
10 11
10 18
11 12
11 19
12 13
12 20
13 14
13 21
14 15
14 22
15 23
16 17
16 24
17 18
17 25
18 19
18 26
19 20
19 27
20 21
20 28
21 22
21 29
22 23
22 30
23 31
24 25
24 32
25 26
25 33
26 27
26 34
27 28
27 35
28 29
28 36
29 30
29 37
30 31
30 38
31 39
32 33
32 40
33 34
33 41
34 35
34 42
35 36
35 43
36 37
36 44
37 38
37 45
38 39
38 46
39 47
40 41
40 48
41 42
41 49
42 43
42 50
43 44
43 51
44 45
44 52
45 46
45 53
46 47
46 54
47 55
48 49
48 56
49 50
49 57
50 51
50 58
51 52
51 59
52 53
52 60
53 54
53 61
54 55
54 62
55 63
56 57
57 58
58 59
59 60
60 61
61 62
62 63
POSITIONS
94.13264 32.136696
12.697483 64.71739
3.7945218 -40.51736
84.769226 68.29848
22.473415 15.215385
89.75925 -42.27284
38.47567 87.31396
-56.90869 -50.600887
107.70048 122.03303
-47.158424 92.79117
46.019985 -6.452047
72.71319 104.04626
-25.297264 3.1534703
103.97209 -13.606541
-21.17019 52.350277
-35.82753 -148.19008
64.128845 213.9006
-53.155746 53.311283
80.78858 -72.98967
27.067017 120.74303
-23.762045 -62.162415
120.43383 13.832959
-102.53486 27.282715
-50.502068 -223.16353
-24.948711 228.83232
-70.27195 19.414194
132.95561 -30.627724
-12.965356 97.9646
-25.632174 -101.36376
114.60237 56.730133
-111.40352 -16.503876
16.531622 -250.53447
-104.68587 229.8274
-80.92296 -26.247444
156.70471 -3.2985198
-81.81798 78.31353
19.943493 -68.15189
121.15466 151.06723
-121.000374 -47.020416
80.55883 -236.1613
-193.96518 171.89043
-111.86486 -77.68284
140.8657 38.459354
-119.42431 98.925285
39.73303 -37.82714
14.880092 159.9467
-133.63899 -101.12412
134.00806 -210.03531
-248.36688 76.9672
-85.33977 -112.46039
116.56008 88.66283
-132.81387 39.4635
47.126156 -99.49363
-39.773705 123.92767
-87.97027 -154.94885
191.61734 -176.33556
-249.74841 -31.837156
-4.2007437 -153.06308
63.551205 134.70662
-144.13907 -7.359185
112.77442 -72.01779
-74.47843 109.46072
-30.344612 -179.77063
233.51857 -121.86928
