NODES 150
EDGES 444
0 1
0 2
0 3
1 2
1 3
2 3
4 0
4 2
4 3
5 0
5 2
5 4
6 0
6 2
6 5
7 1
7 2
7 5
8 0
8 4
8 5
9 0
9 2
9 3
10 8
10 0
10 3
11 1
11 10
11 4
12 8
12 1
12 4
13 0
13 2
13 4
14 0
14 11
14 6
15 9
15 2
15 4
16 9
16 3
16 1
17 11
17 13
17 15
18 0
18 5
18 14
19 8
19 3
19 14
20 2
20 19
20 14
21 0
21 3
21 13
22 0
22 12
22 7
23 8
23 11
23 4
24 9
24 4
24 21
25 2
25 12
25 14
26 0
26 2
26 7
27 1
27 5
27 21
28 8
28 3
28 4
29 8
29 17
29 1
30 25
30 3
30 29
31 27
31 2
31 19
32 3
32 22
32 23
33 1
33 5
33 31
34 0
34 2
34 11
35 25
35 3
35 4
36 0
36 1
36 12
37 18
37 3
37 28
38 33
38 28
38 5
39 27
39 4
39 38
40 2
40 18
40 4
41 40
41 8
41 2
42 8
42 2
42 4
43 0
43 8
43 7
44 24
44 40
44 12
45 11
45 3
45 4
46 35
46 36
46 21
47 0
47 1
47 8
48 40
48 41
48 9
49 0
49 2
49 7
50 38
50 14
50 23
51 34
51 10
51 12
52 11
52 20
52 37
53 0
53 1
53 4
54 4
54 14
54 39
55 0
55 36
55 12
56 0
56 36
56 5
57 0
57 35
57 44
58 24
58 17
58 23
59 1
59 19
59 36
60 24
60 3
60 38
61 8
61 21
61 23
62 1
62 4
62 28
63 40
63 1
63 12
64 8
64 5
64 14
65 11
65 12
65 39
66 0
66 13
66 7
67 8
67 59
67 12
68 58
68 11
68 63
69 41
69 28
69 5
70 64
70 44
70 5
71 66
71 45
71 6
72 0
72 3
72 47
73 33
73 36
73 62
74 2
74 26
74 35
75 0
75 40
75 21
76 40
76 1
76 14
77 0
77 12
77 14
78 35
78 53
78 30
79 0
79 19
79 6
80 36
80 21
80 79
81 11
81 3
81 55
82 11
82 5
82 23
83 61
83 14
83 47
84 41
84 3
84 12
85 74
85 35
85 36
86 48
86 17
86 3
87 56
87 65
87 12
88 27
88 6
88 47
89 82
89 84
89 21
90 2
90 21
90 31
91 34
91 19
91 4
92 65
92 17
92 23
93 8
93 3
93 5
94 40
94 33
94 22
95 60
95 36
95 76
96 17
96 11
96 33
97 80
97 2
97 15
98 27
98 28
98 4
99 0
99 33
99 37
100 70
100 3
100 62
101 35
101 6
101 7
102 35
102 67
102 62
103 0
103 21
103 39
104 11
104 3
104 60
105 33
105 67
105 15
106 0
106 11
106 38
107 72
107 24
107 96
108 9
108 90
108 66
109 2
109 27
109 21
110 8
110 73
110 5
111 10
111 30
111 71
112 0
112 64
112 5
113 0
113 26
113 78
114 0
114 25
114 3
115 106
115 11
115 101
116 0
116 102
116 6
117 10
117 90
117 22
118 1
118 93
118 23
119 105
119 106
119 36
120 8
120 2
120 102
121 27
121 1
121 35
122 0
122 38
122 39
123 98
123 106
123 71
124 8
124 16
124 119
125 72
125 1
125 0
126 52
126 53
126 46
127 113
127 77
127 121
128 12
128 125
128 14
129 2
129 36
129 66
130 98
130 5
130 54
131 8
131 83
131 5
132 59
132 3
132 44
133 41
133 51
133 78
134 48
134 27
134 4
135 0
135 121
135 23
136 16
136 35
136 124
137 0
137 73
137 3
138 2
138 59
138 71
139 33
139 20
139 41
140 128
140 1
140 3
141 56
141 3
141 132
142 73
142 65
142 29
143 8
143 10
143 35
144 130
144 28
144 4
145 113
145 139
145 1
146 8
146 91
146 126
147 9
147 2
147 23
148 0
148 5
148 38
149 96
149 18
149 146
POSITIONS
-9.082346 18.609432
-24.489367 81.69099
56.21316 7.4866066
-3.6466107 50.13344
24.168434 -13.432204
-8.150216 -84.194984
-49.657852 101.41934
-59.05351 29.95379
78.77373 -35.86987
3.339327 138.77016
-23.189344 -55.963837
123.59702 -24.737135
-26.269442 -24.11036
133.6241 90.879684
-90.72917 34.48658
61.478455 -62.797
21.416964 234.63771
158.82272 0.09409583
125.15741 -65.14233
-38.28173 5.552272
-54.85149 -51.387012
78.579254 32.376884
-145.38466 -6.241035
186.92525 76.48709
126.30579 21.09392
-198.20824 1.919207
106.01897 137.12839
-116.9269 63.07093
-25.751091 -112.37833
104.580185 104.29349
-157.5293 134.2532
-58.08003 -19.565634
63.85468 204.81985
4.8282943 -155.18675
137.46675 -113.49972
-148.89767 61.70347
-110.91641 -4.0908084
189.21129 -85.72754
-132.55759 -175.89606
-81.827 -75.87474
48.07644 41.99997
2.8481507 -37.383465
201.8333 -24.260918
-113.86182 95.127945
4.365387 -123.19225
115.68307 167.60698
-35.599937 51.698856
22.358362 -93.83629
-104.876144 159.25113
-78.2563 -145.84297
71.65754 63.628307
-96.99953 -224.86241
265.56876 -113.28179
77.87359 121.93641
-178.6516 -164.14818
100.16479 -98.00934
-161.75797 23.510845
-80.435394 -178.92279
268.9471 146.02275
-238.28688 -38.428192
93.207634 -66.7763
38.514652 72.51303
34.159748 -142.4119
163.06274 103.414375
-129.78065 -128.21011
188.39172 12.328203
-9.305463 243.59242
-109.79169 -153.19893
340.48764 83.31969
-166.773 -46.69428
-76.069046 -249.0681
51.53531 279.06378
-46.881977 -139.56003
116.70884 -138.15475
-85.94215 185.0485
-41.143772 -82.45781
55.403393 173.9587
-180.20476 156.8237
22.627882 22.63691
-2.0023654 179.2083
-84.08576 -38.409748
235.26329 -46.640476
198.37978 118.30956
-25.98669 -163.78502
163.14624 40.520584
-287.0351 104.44749
32.764355 -48.698494
-28.925783 161.91806
-203.7499 -29.91949
300.25806 139.41783
-107.35396 126.459366
118.86376 -206.99529
311.28333 49.706352
-78.81701 4.7942333
75.54193 -142.58452
26.00031 161.35855
117.43841 -245.35052
143.92665 -154.97302
-151.63739 -80.30013
149.69034 -198.40913
7.468013 80.1396
-214.66006 -60.009968
48.246983 -113.681175
-76.167015 119.33218
103.12488 -167.1289
-129.81866 21.72612
-126.486336 -32.03678
112.723656 -290.7184
-94.36475 334.01834
-108.82389 -58.70067
212.1989 -131.9691
-142.73938 245.00815
-12.7249155 -225.99815
22.05504 266.63086
-233.55771 53.74578
2.7576492 -196.934
-58.884468 150.68849
-259.25958 -114.54683
142.84259 184.51466
-256.04126 112.49662
204.25964 -166.09598
-218.73904 193.00142
-221.87474 -142.13124
112.48459 64.79381
-81.735794 227.56955
-61.29596 -205.97752
290.13528 -26.426428
-214.4457 320.4892
-31.11161 -195.3623
-58.888947 204.29262
-148.67813 -265.62268
175.74095 -151.5934
-230.60321 6.090853
-40.33324 -281.89728
-111.02379 240.75125
-144.24803 105.14749
76.46358 259.00098
45.887985 121.79488
-110.23553 -90.63749
62.058876 94.16243
-192.19913 33.350754
-92.14243 -117.018906
284.35236 68.645836
-170.8262 -108.61459
24.609732 -254.96379
-23.957787 311.57675
267.4793 -212.18935
172.71048 206.46663
-205.59279 -110.03
231.44977 -314.5653
