NODES 60
EDGES 230
0 1
0 2
0 3
0 4
1 2
1 3
1 4
2 3
2 4
3 4
5 0
5 1
5 2
5 3
6 0
6 2
6 3
6 4
7 1
7 4
7 5
7 6
8 1
8 5
8 6
8 7
9 0
9 2
9 3
9 7
10 2
10 3
10 4
10 7
11 0
11 1
11 2
11 5
12 4
12 5
12 6
12 7
13 0
13 3
13 5
13 6
14 0
14 2
14 13
14 6
15 1
15 4
15 12
15 6
16 13
16 4
16 5
16 7
17 3
17 12
17 14
17 7
18 17
18 4
18 6
18 1
19 16
19 4
19 6
19 7
20 0
20 3
20 13
20 6
21 8
21 19
21 4
21 6
22 8
22 0
22 12
22 5
23 3
23 4
23 7
23 15
24 0
24 17
24 20
24 6
25 1
25 2
25 3
25 20
26 0
26 4
26 7
26 23
27 0
27 3
27 4
27 7
28 9
28 2
28 6
28 1
29 0
29 26
29 23
29 7
30 11
30 19
30 5
30 6
31 8
31 2
31 3
31 6
32 3
32 4
32 5
32 7
33 20
33 4
33 6
33 30
34 0
34 16
34 18
34 3
35 0
35 1
35 6
35 14
36 8
36 2
36 19
36 12
37 8
37 25
37 2
37 21
38 0
38 2
38 27
38 4
39 32
39 8
39 27
39 20
40 8
40 16
40 32
40 6
41 37
41 3
41 36
41 4
42 24
42 4
42 20
42 6
43 1
43 3
43 21
43 7
44 0
44 16
44 42
44 12
45 2
45 39
45 6
45 7
46 25
46 2
46 20
46 30
47 16
47 26
47 42
47 11
48 2
48 18
48 4
48 7
49 8
49 1
49 27
49 31
50 3
50 5
50 30
50 15
51 8
51 24
51 26
51 31
52 24
52 5
52 12
52 4
53 0
53 8
53 26
53 5
54 8
54 1
54 10
54 33
55 8
55 17
55 11
55 19
56 24
56 49
56 2
56 1
57 25
57 2
57 46
57 6
58 11
58 2
58 3
58 5
59 8
59 18
59 27
59 20
POSITIONS
-0.46249104 12.090114
-74.79052 15.971946
-13.499545 -45.835136
14.059567 40.590393
-18.569653 -14.248162
51.76632 -23.102232
-38.856407 34.001278
16.542131 -15.453736
31.539896 12.816122
-103.630264 2.1371288
20.172312 -117.19904
28.464157 85.631256
-53.936577 -93.81162
68.792435 3.988963
-57.44563 102.79291
-3.2390008 -87.424736
130.05783 35.04442
-45.666832 2.7328975
18.391668 -48.3712
1.142841 102.28143
-38.49797 -65.78925
66.184044 35.87192
-77.942726 47.805206
73.96558 -118.43933
-2.2810547 69.1906
-107.1803 -54.764336
103.89338 -53.875443
-50.34823 63.993484
-139.38742 -67.45176
154.54741 -14.288066
-109.90944 46.479023
31.968351 -77.34605
49.536366 109.709335
-160.45827 -37.393513
145.26816 -44.913143
-93.17655 144.00287
-2.6831331 -139.59612
41.771084 56.545815
-136.62666 14.865004
105.03141 -20.12376
58.902645 159.60649
-26.179468 -109.73399
99.906296 11.463327
-91.99765 85.45243
112.72493 -96.15266
66.44541 79.55954
-156.38391 -109.28347
210.14578 17.501894
-28.571934 87.4324
-75.59576 -49.625248
89.69679 57.57359
-43.59148 -34.201694
61.83454 -88.82835
98.44081 95.41412
-100.51978 -112.91128
124.2514 114.330215
-126.39438 92.91996
-96.5755 -145.00078
118.84506 70.76284
-119.90922 -25.407898
