NODES 180
EDGES 710
0 1
0 2
0 3
0 4
1 2
1 3
1 4
2 3
2 4
3 4
5 0
5 2
5 3
5 4
6 1
6 2
6 3
6 5
7 0
7 1
7 4
7 5
8 0
8 1
8 4
8 6
9 1
9 2
9 3
9 4
10 0
10 2
10 3
10 5
11 3
11 10
11 2
11 4
12 9
12 2
12 3
12 6
13 8
13 0
13 2
13 3
14 0
14 9
14 10
14 1
15 2
15 3
15 5
15 7
16 2
16 5
16 3
16 13
17 0
17 1
17 10
17 6
18 2
18 11
18 14
18 7
19 0
19 2
19 4
19 13
20 0
20 9
20 2
20 14
21 19
21 2
21 3
21 4
22 0
22 1
22 3
22 14
23 8
23 21
23 19
23 5
24 0
24 1
24 10
24 8
25 0
25 17
25 13
25 24
26 1
26 10
26 11
26 23
27 1
27 3
27 6
27 7
28 0
28 2
28 12
28 14
29 0
29 1
29 19
29 5
30 0
30 10
30 3
30 4
31 24
31 2
31 14
31 23
32 24
32 1
32 10
32 15
33 16
33 17
33 3
33 22
34 0
34 1
34 2
34 3
35 8
35 9
35 2
35 13
36 16
36 18
36 3
36 22
37 24
37 13
37 10
37 5
38 19
38 5
38 6
38 31
39 0
39 32
39 3
39 15
40 16
40 25
40 19
40 39
41 9
41 19
41 12
41 39
42 0
42 1
42 2
42 9
43 27
43 3
43 21
43 6
44 26
44 43
44 20
44 14
45 0
45 10
45 2
45 30
46 24
46 17
46 4
46 15
47 18
47 13
47 14
47 39
48 18
48 2
48 11
48 31
49 0
49 48
49 20
49 28
50 8
50 33
50 4
50 7
51 40
51 19
51 22
51 6
52 1
52 18
52 12
52 21
53 0
53 18
53 3
53 4
54 19
54 5
54 22
54 39
55 0
55 2
55 34
55 28
56 49
56 2
56 45
56 21
57 17
57 13
57 53
57 6
58 0
58 17
58 43
58 46
59 0
59 1
59 2
59 29
60 26
60 12
60 4
60 6
61 49
61 19
61 29
61 7
62 0
62 50
62 10
62 21
63 57
63 51
63 30
63 1
64 2
64 43
64 34
64 30
65 48
65 3
65 22
65 31
66 8
66 3
66 6
66 31
67 8
67 2
67 3
67 38
68 65
68 2
68 3
68 13
69 9
69 3
69 36
69 13
70 9
70 2
70 51
70 17
71 16
71 10
71 59
71 23
72 26
72 28
72 31
72 39
73 17
73 2
73 3
73 21
74 2
74 5
74 46
74 6
75 8
75 10
75 3
75 23
76 2
76 68
76 13
76 39
77 38
77 26
77 3
77 30
78 9
78 18
78 5
78 46
79 3
79 26
79 19
79 31
80 9
80 4
80 12
80 79
81 8
81 17
81 20
81 77
82 9
82 66
82 3
82 52
83 0
83 29
83 3
83 21
84 8
84 1
84 56
84 57
85 65
85 5
85 38
85 15
86 17
86 58
86 12
86 23
87 24
87 51
87 21
87 14
88 82
88 3
88 45
88 87
89 16
89 0
89 5
89 7
90 0
90 3
90 46
90 23
91 81
91 3
91 12
91 43
92 0
92 58
92 3
92 63
93 32
93 65
93 21
93 39
94 80
94 75
94 28
94 87
95 3
95 4
95 93
95 22
96 24
96 10
96 68
96 95
97 0
97 9
97 67
97 39
98 3
98 44
98 5
98 55
99 59
99 35
99 9
99 63
100 25
100 2
100 19
100 15
101 48
101 49
101 3
101 92
102 24
102 1
102 74
102 40
103 72
103 82
103 45
103 95
104 80
104 0
104 93
104 54
105 101
105 68
105 5
105 95
106 0
106 36
106 21
106 87
107 12
107 53
107 30
107 39
108 28
108 45
108 95
108 23
109 2
109 5
109 78
109 15
110 83
110 3
110 36
110 20
111 51
111 84
111 14
111 87
112 27
112 20
112 77
112 23
113 51
113 111
113 13
113 23
114 17
114 23
114 86
114 15
115 40
115 66
115 12
115 23
116 32
116 49
116 50
116 103
117 11
117 68
117 77
117 87
118 1
118 30
118 110
118 39
119 109
119 4
119 5
119 39
120 8
120 17
120 4
120 13
121 104
121 98
121 91
121 4
122 60
122 5
122 14
122 47
123 80
123 49
123 61
123 87
124 0
124 89
124 102
124 30
125 97
125 4
125 102
125 113
126 58
126 51
126 39
126 23
127 3
127 72
127 19
127 77
128 46
128 53
128 14
128 39
129 26
129 2
129 69
129 38
130 1
130 28
130 70
130 95
131 97
131 2
131 22
131 57
132 2
132 111
132 30
132 39
133 129
133 5
133 102
133 31
134 8
134 114
134 6
134 7
135 11
135 26
135 3
135 77
136 8
136 10
136 3
136 28
137 0
137 3
137 21
137 31
138 9
138 19
138 22
138 7
139 137
139 83
139 12
139 13
140 42
140 3
140 84
140 53
141 120
141 86
141 134
141 102
142 2
142 52
142 69
142 30
143 12
143 79
143 6
143 23
144 8
144 135
144 14
144 119
145 16
145 9
145 45
145 13
146 3
146 1
146 19
146 45
147 80
147 96
147 14
147 103
148 0
148 18
148 12
148 133
149 27
149 92
149 38
149 103
150 80
150 4
150 93
150 84
151 9
151 2
151 3
151 45
152 72
152 26
152 131
152 13
153 10
153 35
153 92
153 61
154 98
154 52
154 14
154 23
155 97
155 2
155 67
155 84
156 9
156 12
156 121
156 105
157 2
157 3
157 20
157 55
158 0
158 11
158 100
158 46
159 35
159 106
159 131
159 142
160 17
160 3
160 46
160 87
161 49
161 3
161 134
161 63
162 97
162 58
162 3
162 13
163 25
163 2
163 12
163 30
164 40
164 17
164 4
164 31
165 9
165 83
165 84
165 63
166 8
166 84
166 5
166 6
167 105
167 74
167 109
167 41
168 40
168 89
168 45
168 6
169 152
169 34
169 50
169 31
170 0
170 25
170 4
170 133
171 3
171 95
171 14
171 23
172 82
172 13
172 142
172 87
173 8
173 65
173 50
173 15
174 99
174 124
174 4
174 30
175 40
175 49
175 69
175 6
176 11
176 3
176 19
176 20
177 10
177 75
177 3
177 46
178 8
178 36
178 38
178 30
179 16
179 113
179 148
179 6
POSITIONS
-21.217377 -20.773058
18.881763 -27.918518
-15.227518 -43.78034
0.38151538 -7.7007155
-26.991138 21.565643
-52.568756 -25.238544
24.581432 15.955976
23.111462 -11.960782
43.836338 -8.682221
13.001103 -48.8634
-53.46787 9.621038
-54.080837 -43.343693
-24.897768 68.382065
39.275303 5.0103126
4.6129994 -18.920135
-20.309467 9.2187605
-3.1259654 -30.979477
9.624889 48.348133
26.70877 -33.4103
-28.141464 1.3219334
-16.282202 -80.158905
-1.845542 16.115946
65.53786 -4.653487
-6.3990927 46.51303
-39.387924 39.815533
-61.102947 46.263622
-34.026802 -13.1881695
37.50297 -42.547543
1.571475 26.729706
-23.209782 -61.156837
-44.0093 -5.2476163
25.595291 42.003983
7.7379365 63.114513
52.328186 25.453993
-30.201208 -47.80673
46.977814 -66.64576
55.13227 -58.2904
-66.18926 17.369644
14.423198 -62.334995
7.9043765 34.775105
-12.767603 59.56451
-56.197147 24.980158
18.645336 -74.63372
-25.554008 -10.485979
-51.41883 -59.71617
-41.300354 -13.797096
-69.285095 4.1807923
13.93549 9.644688
37.33912 -16.67162
54.574806 11.860317
68.51403 39.46989
61.681404 2.5834737
33.90691 32.41659
34.282337 10.653421
-23.83486 40.4516
-60.71211 -57.661816
20.737673 -39.24139
85.26473 -11.12625
20.814213 8.371258
-29.84944 -79.2494
-44.741375 51.029423
12.858268 -0.15316226
-10.405899 24.851433
73.64955 -43.73656
-68.76759 -36.700672
49.293922 37.177334
55.101498 47.590725
39.405563 -80.80834
-18.385717 46.846977
66.17244 -29.1169
59.758194 -15.947639
-61.155357 -25.750301
38.651302 48.845585
-20.450264 26.58836
-78.31078 -9.791924
-55.34089 35.097073
17.079615 39.98636
-39.942566 -57.651707
-48.986443 -66.770905
-31.554626 60.797874
-29.147348 86.326164
-28.05789 -34.319305
53.263557 51.270245
27.44252 -55.688065
74.332794 -51.63405
0.88917696 -38.18411
19.35509 94.62905
-10.652434 36.309902
-3.6845415 33.90457
-66.612946 -29.16971
-56.633816 -2.2385325
-64.900314 30.75311
58.1078 -37.834137
17.4456 85.669556
-48.509216 74.56496
26.39594 73.36756
-23.52245 89.89009
57.284904 -66.42825
-82.3598 -28.223234
8.524607 -85.64184
-83.68763 -5.24827
42.437996 -1.181251
-35.5847 48.591873
56.80672 68.40649
-47.99344 80.446175
-54.069942 52.696426
43.82541 -32.533543
-10.757392 67.33081
-1.7966682 66.90621
-76.303856 -52.186607
29.217484 -78.31919
56.061752 -21.68544
-3.8748071 -70.88549
77.45944 6.352082
30.662506 83.54098
7.4621058 89.21734
75.182816 69.785034
-68.01612 -9.5156765
18.005747 -21.988712
-49.72574 -50.408005
40.54584 62.83557
-88.25178 49.730976
-45.710773 16.85654
1.848889 71.10459
-84.984924 3.4236937
47.826317 -13.999567
51.72724 34.462578
-16.37076 -4.6956563
3.2283003 15.181506
-0.014076731 -49.944862
63.928604 21.055185
94.12955 -35.49114
-10.0556345 -7.2978935
-46.024685 41.99701
73.16724 51.2384
-39.50091 -73.62698
3.3077035 9.360636
20.03108 29.297495
48.20712 -31.765398
35.43519 40.633858
61.372913 -49.752518
39.63104 97.10643
65.75377 4.4440975
-13.766444 86.155396
-8.394221 -79.27083
0.49067977 -58.49286
-38.535038 -27.603064
3.9056485 93.983055
-2.823721 51.098515
78.4785 -30.15408
19.1545 68.60275
-17.702194 -65.57972
80.686455 13.832405
27.300537 -48.164577
-37.267128 16.204332
53.436115 -92.96971
-67.634514 57.57326
-42.327225 -82.85825
-93.86596 -28.355642
95.07862 -46.711967
-47.312325 36.3956
90.42407 5.9647264
52.86044 -40.93293
-70.86731 37.03293
-2.3367841 80.54688
71.71712 -76.89267
40.629623 -49.21768
-102.4462 4.624494
-62.392906 11.517972
74.26716 23.555534
-76.37439 38.217545
22.939207 53.693092
62.194084 53.65085
74.692535 34.17322
-74.762825 -9.466397
66.40822 28.270374
-53.615932 -63.9152
-86.24545 12.593942
33.451946 -66.49617
48.269215 22.45055
