NODES 105
EDGES 410
0 1
0 2
0 3
0 4
1 2
1 3
1 4
2 3
2 4
3 4
5 0
5 2
5 3
5 4
6 0
6 1
6 2
6 3
7 0
7 1
7 4
7 6
8 0
8 1
8 2
8 3
9 0
9 1
9 5
9 6
10 8
10 4
10 5
10 7
11 0
11 1
11 4
11 5
12 8
12 11
12 4
12 5
13 1
13 10
13 4
13 7
14 8
14 13
14 5
14 7
15 2
15 11
15 12
15 5
16 10
16 4
16 13
16 15
17 11
17 1
17 2
17 3
18 0
18 1
18 11
18 9
19 1
19 11
19 4
19 13
20 19
20 4
20 12
20 14
21 17
21 10
21 20
21 1
22 18
22 4
22 6
22 7
23 10
23 3
23 13
23 7
24 1
24 15
24 14
24 7
25 2
25 3
25 6
25 15
26 2
26 4
26 5
26 15
27 9
27 2
27 4
27 13
28 0
28 2
28 4
28 13
29 0
29 2
29 4
29 14
30 1
30 2
30 4
30 7
31 8
31 11
31 20
31 5
32 1
32 2
32 20
32 5
33 24
33 11
33 6
33 23
34 8
34 28
34 20
34 13
35 3
35 2
35 11
35 13
36 0
36 15
36 29
36 7
37 17
37 10
37 3
37 13
38 5
38 3
38 4
38 20
39 1
39 12
39 38
39 23
40 1
40 13
40 30
40 7
41 24
41 17
41 3
41 9
42 17
42 3
42 20
42 31
43 0
43 1
43 5
43 13
44 0
44 1
44 11
44 15
45 1
45 3
45 13
45 31
46 2
46 19
46 4
46 29
47 24
47 46
47 37
47 30
48 0
48 36
48 13
48 38
49 8
49 11
49 21
49 15
50 1
50 34
50 2
50 5
51 24
51 28
51 20
51 45
52 17
52 28
52 46
52 7
53 24
53 12
53 20
53 21
54 0
54 1
54 27
54 29
55 33
55 13
55 18
55 5
56 0
56 20
56 4
56 7
57 11
57 27
57 4
57 20
58 32
58 9
58 2
58 17
59 8
59 51
59 20
59 4
60 3
60 2
60 27
60 30
61 9
61 19
61 52
61 7
62 43
62 18
62 51
62 38
63 32
63 0
63 28
63 7
64 19
64 4
64 6
64 15
65 56
65 42
65 28
65 5
66 8
66 35
66 21
66 14
67 24
67 40
67 12
67 13
68 1
68 3
68 4
68 25
69 1
69 20
69 4
69 13
70 40
70 8
70 62
70 15
71 44
71 4
71 6
71 47
72 57
72 13
72 14
72 7
73 58
73 43
73 70
73 7
74 48
74 3
74 70
74 30
75 0
75 24
75 19
75 30
76 17
76 42
76 53
76 7
77 2
77 10
77 15
77 47
78 56
78 2
78 54
78 31
79 11
79 4
79 6
79 31
80 55
80 47
80 38
80 23
81 3
81 42
81 11
81 23
82 53
82 59
82 13
82 14
83 49
83 66
83 2
83 17
84 11
84 82
84 83
84 44
85 80
85 25
85 58
85 26
86 57
86 10
86 2
86 30
87 35
87 52
87 28
87 84
88 9
88 20
88 28
88 6
89 88
89 10
89 20
89 47
90 24
90 5
90 14
90 79
91 47
91 68
91 77
91 7
92 0
92 18
92 4
92 63
93 17
93 90
93 84
93 42
94 17
94 3
94 69
94 23
95 80
95 0
95 27
95 70
96 3
96 92
96 29
96 7
97 57
97 13
97 20
97 28
98 40
98 97
98 45
98 71
99 88
99 24
99 4
99 5
100 10
100 3
100 22
100 14
101 77
101 4
101 15
101 84
102 17
102 34
102 77
102 13
103 69
103 4
103 5
103 6
104 66
104 7
104 13
104 63
POSITIONS
-14.747804 -29.178368
-0.79415774 4.7114534
-17.44661 15.673398
1.45593 43.382656
-16.943773 -3.8288503
-1.1569768 -18.112366
-28.167665 23.019909
-1.1074916 23.560007
44.028687 -3.5721822
5.5703244 -2.2149463
10.77286 50.2265
10.184388 -12.907003
27.804045 -4.7294354
16.472353 10.736531
38.435207 -13.958911
-46.36397 9.969467
-32.11662 31.892311
30.334549 29.757708
7.538611 -21.297678
-35.322884 -16.104006
50.362614 -28.59333
64.281166 18.359995
5.644684 33.690434
20.477718 68.551926
-32.81874 -5.7825456
-45.02643 56.600567
-47.995544 24.024328
16.813915 22.252985
8.291874 -52.66289
-36.9905 -31.657223
-36.282486 44.922478
38.71274 -45.87208
26.647667 -13.36729
-20.47051 44.901024
25.543999 -42.407707
30.55487 11.153785
-45.018833 -30.38328
-4.087766 63.6888
25.57849 8.270366
41.520363 36.552837
-25.17057 36.27299
-10.860897 32.863537
59.75398 -10.838808
22.118488 -18.228012
-48.295288 -26.933762
4.8243384 -29.956669
-58.06761 -3.5964363
-56.88824 41.046448
-22.155355 -16.16425
45.97957 14.840479
-5.016251 -38.667374
28.44897 -59.20038
-27.528528 -5.9376197
65.98036 -7.9508667
-3.5629396 -50.02214
-11.606904 38.913765
24.736422 -51.18811
45.203247 4.5574546
18.050663 38.212677
52.37525 -47.903374
-16.470167 58.508366
-16.74236 6.761095
33.773468 -26.816025
21.712711 -32.144226
-59.586517 5.856307
39.23532 -59.125286
73.10637 8.322256
-28.738369 16.251648
-44.79715 48.29687
36.72071 22.711452
17.48325 43.951294
-67.5504 4.0126357
51.88415 17.390776
33.12434 42.920506
-19.929773 53.349773
-56.540478 -11.3323555
64.19803 24.486502
-61.101223 28.28867
17.234081 -64.20853
1.0113004 -39.74989
-12.92379 72.85957
45.153095 43.108723
53.112785 -39.82039
43.249664 9.535889
-14.184375 -52.75839
-35.513504 70.908066
0.5095389 58.630108
-16.718885 -47.87733
9.973653 -37.699757
14.426599 2.1704009
-5.8049407 -52.90966
-63.22829 52.202263
-23.956163 -36.08573
17.007914 -46.18097
37.517994 65.190895
16.743723 53.72387
-36.463116 6.3982925
33.881214 -33.655365
-42.83803 -14.953926
-29.594522 -42.030453
30.236504 54.00849
-64.353836 -13.697968
-15.270117 -11.4291935
4.783881 17.375004
57.19971 8.174079
