NODES 195
EDGES 770
0 1
0 2
0 3
0 4
1 2
1 3
1 4
2 3
2 4
3 4
5 0
5 2
5 3
5 4
6 0
6 1
6 2
6 3
7 0
7 1
7 5
7 6
8 1
8 2
8 3
8 5
9 0
9 5
9 6
9 7
10 0
10 8
10 1
10 6
11 0
11 9
11 5
11 6
12 3
12 0
12 11
12 6
13 9
13 3
13 1
13 7
14 9
14 10
14 3
14 6
15 1
15 6
15 14
15 7
16 8
16 10
16 12
16 13
17 0
17 16
17 14
17 6
18 16
18 1
18 9
18 17
19 3
19 7
19 14
19 6
20 1
20 3
20 4
20 5
21 8
21 16
21 11
21 15
22 1
22 2
22 12
22 9
23 3
23 20
23 6
23 15
24 0
24 10
24 11
24 7
25 1
25 3
25 12
25 6
26 1
26 2
26 19
26 22
27 0
27 17
27 2
27 22
28 8
28 16
28 3
28 7
29 2
29 4
29 14
29 7
30 1
30 3
30 6
30 7
31 27
31 1
31 3
31 29
32 1
32 5
32 14
32 6
33 9
33 19
33 22
33 30
34 9
34 10
34 14
34 6
35 0
35 9
35 12
35 7
36 17
36 29
36 6
36 23
37 5
37 28
37 21
37 6
38 28
38 5
38 30
38 7
39 10
39 19
39 28
39 4
40 3
40 17
40 11
40 23
41 24
41 3
41 28
41 14
42 8
42 1
42 35
42 23
43 12
43 5
43 6
43 30
44 16
44 3
44 13
44 31
45 0
45 35
45 44
45 30
46 9
46 2
46 43
46 13
47 42
47 3
47 4
47 37
48 1
48 2
48 4
48 46
49 16
49 9
49 21
49 17
50 41
50 3
50 13
50 7
51 9
51 2
51 18
51 6
52 0
52 25
52 12
52 22
53 0
53 1
53 14
53 16
54 24
54 18
54 43
54 5
55 32
55 9
55 27
55 21
56 9
56 49
56 13
56 7
57 40
57 9
57 6
57 38
58 0
58 17
58 3
58 54
59 9
59 12
59 53
59 15
60 1
60 53
60 20
60 5
61 9
61 50
61 52
61 6
62 9
62 51
62 13
62 49
63 9
63 43
63 20
63 6
64 56
64 18
64 5
64 47
65 0
65 24
65 50
65 49
66 8
66 3
66 4
66 6
67 9
67 18
67 19
67 46
68 59
68 2
68 19
68 7
69 58
69 43
69 5
69 14
70 53
70 12
70 29
70 14
71 0
71 50
71 59
71 29
72 33
72 28
72 60
72 1
73 17
73 18
73 43
73 12
74 35
74 43
74 30
74 6
75 1
75 33
75 29
75 31
76 9
76 3
76 28
76 63
77 8
77 56
77 5
77 6
78 1
78 76
78 5
78 30
79 11
79 76
79 53
79 14
80 34
80 12
80 14
80 7
81 40
81 25
81 10
81 51
82 61
82 43
82 29
82 15
83 9
83 3
83 13
83 22
84 24
84 19
84 5
84 6
85 32
85 0
85 7
85 23
86 57
86 26
86 67
86 53
87 83
87 12
87 23
87 76
88 2
88 34
88 37
88 14
89 2
89 13
89 85
89 30
90 3
90 44
90 85
90 38
91 2
91 75
91 36
91 85
92 72
92 74
92 67
92 70
93 88
93 3
93 60
93 29
94 48
94 32
94 90
94 35
95 2
95 43
95 5
95 7
96 80
96 2
96 19
96 30
97 48
97 35
97 18
97 3
98 17
98 67
98 35
98 63
99 32
99 2
99 35
99 36
100 64
100 80
100 76
100 53
101 16
101 25
101 88
101 47
102 9
102 22
102 14
102 31
103 1
103 4
103 5
103 38
104 43
104 68
104 95
104 71
105 48
105 66
105 7
105 71
106 56
106 95
106 14
106 7
107 19
107 43
107 20
107 6
108 81
108 58
108 10
108 47
109 0
109 107
109 108
109 7
110 48
110 97
110 34
110 7
111 16
111 35
111 28
111 68
112 10
112 99
112 84
112 30
113 18
113 12
113 42
113 71
114 9
114 4
114 13
114 36
115 2
115 42
115 78
115 44
116 8
116 13
116 3
116 45
117 33
117 108
117 85
117 47
118 8
118 10
118 3
118 103
119 2
119 3
119 20
119 22
120 48
120 10
120 90
120 5
121 66
121 85
121 53
121 30
122 25
122 75
122 28
122 109
123 100
123 84
123 30
123 23
124 88
124 42
124 13
124 46
125 111
125 69
125 22
125 6
126 48
126 80
126 94
126 31
127 16
127 105
127 47
127 31
128 96
128 4
128 53
128 23
129 0
129 49
129 120
129 14
130 0
130 38
130 21
130 6
131 9
131 43
131 5
131 35
132 48
132 108
132 85
132 6
133 17
133 107
133 12
133 79
134 34
134 125
134 94
134 127
135 80
135 18
135 96
135 44
136 1
136 98
136 13
136 87
137 74
137 75
137 6
137 119
138 72
138 9
138 85
138 23
139 48
139 94
139 117
139 6
140 89
140 66
140 7
140 47
141 129
141 68
141 86
141 76
142 49
142 138
142 5
142 38
143 81
143 10
143 92
143 44
144 49
144 19
144 45
144 7
145 64
145 121
145 3
145 41
146 17
146 3
146 20
146 57
147 1
147 67
147 22
147 97
148 80
148 16
148 147
148 14
149 128
149 17
149 85
149 15
150 107
150 83
150 84
150 47
151 65
151 9
151 3
151 31
152 81
152 35
152 12
152 119
153 25
153 5
153 94
153 1
154 45
154 19
154 5
154 133
155 32
155 51
155 146
155 91
156 96
156 42
156 140
156 117
157 3
157 4
157 133
157 142
158 49
158 140
158 78
158 14
159 146
159 12
159 60
159 47
160 0
160 57
160 35
160 105
161 96
161 1
161 138
161 22
162 18
162 11
162 5
162 7
163 112
163 2
163 26
163 3
164 1
164 58
164 92
164 71
165 11
165 35
165 92
165 62
166 80
166 50
166 86
166 151
167 17
167 99
167 37
167 14
168 89
168 28
168 45
168 158
169 32
169 91
169 132
169 15
170 42
170 115
170 149
170 70
171 0
171 155
171 28
171 77
172 108
172 153
172 60
172 9
173 17
173 2
173 5
173 105
174 24
174 3
174 39
174 95
175 10
175 58
175 14
175 159
176 112
176 10
176 90
176 78
177 128
177 72
177 35
177 134
178 49
178 107
178 105
178 23
179 3
179 67
179 20
179 7
180 73
180 59
180 43
180 35
181 97
181 18
181 45
181 110
182 176
182 35
182 138
182 88
183 2
183 43
183 77
183 63
184 73
184 59
184 43
184 95
185 121
185 3
185 53
185 6
186 40
186 18
186 80
186 37
187 48
187 161
187 91
187 13
188 170
188 177
188 2
188 70
189 128
189 51
189 23
189 7
190 0
190 1
190 2
190 29
191 2
191 3
191 156
191 142
192 33
192 122
192 67
192 12
193 35
193 18
193 13
193 173
194 57
194 13
194 142
194 181
POSITIONS
17.437407 -12.017436
-38.738354 -4.1144786
-18.926693 -24.343033
-18.802979 29.880127
-4.297661 14.521152
13.830211 -32.58468
-11.03285 13.589181
32.40859 22.034739
-15.988884 -58.94243
47.60441 0.99607474
-77.91228 -37.06141
51.20083 -14.985352
4.1033173 64.064415
58.652515 -33.20651
-11.65133 -9.160593
45.044224 -10.829298
-19.513046 -18.459805
45.5596 -49.78591
81.01316 2.1413367
-19.24875 48.053917
-0.45162848 38.39443
41.83186 -72.77926
-44.74786 37.71309
37.723648 52.4873
14.608589 -9.507032
-77.684296 48.397427
-55.688576 42.30157
-3.8266053 -57.539364
-34.169296 -26.418398
-32.706192 -18.67904
-36.58439 16.762966
-68.47912 -9.422482
-12.795294 -73.60336
-71.463486 54.732265
-42.6323 6.9725566
34.068954 -12.880274
21.666092 -61.097324
1.7993339 -55.27216
19.636684 -45.735477
-56.738388 14.65254
59.82496 23.05805
7.411849 34.72665
-9.350155 -0.36810148
56.88163 17.769838
-48.495876 -38.58578
18.412985 -52.40524
46.0628 -32.356445
-32.38221 53.892105
-38.381165 -8.29387
73.97368 -41.394337
63.22901 57.855152
36.535645 -39.272053
-25.708029 69.95837
-15.653997 62.285057
41.403816 -38.519432
26.273209 -86.4445
95.346695 -9.648403
87.500694 12.900745
-35.57563 -40.23782
78.19309 69.05835
-73.787476 26.473818
51.3597 58.184406
85.7972 -59.336388
80.982735 18.652964
30.635641 72.79
75.45261 -10.910382
-1.8823695 44.353218
30.882544 9.035721
47.426746 70.62763
-17.280872 -49.373585
-65.873726 -18.282066
58.7193 46.28482
-86.11163 2.9972172
96.46156 41.155655
-29.845808 3.9262252
-98.20255 -10.602967
22.824787 57.924828
39.876804 -63.410667
-51.682915 -55.84731
21.712685 54.46886
-16.42148 75.65976
-69.25082 20.519382
51.18269 9.633687
21.488985 68.65109
-49.076416 42.51562
-2.0206652 -0.029815821
31.892342 82.98838
51.293858 69.56891
-55.486694 -64.347244
2.8114212 -46.480003
-62.952824 -45.18373
-3.3890283 -78.73078
-66.910126 -46.075462
-67.616295 -14.059696
-93.7507 -4.3577275
71.416756 43.173595
-22.763456 84.026924
25.513369 2.3505185
85.16792 -27.198137
-22.622387 -89.93641
0.5432224 100.9296
-81.98605 5.969683
-43.287407 9.7159605
-15.838726 -53.91735
67.2421 64.3828
54.68166 34.26376
94.57589 23.219124
11.896739 92.189445
-85.83977 45.186447
-55.7612 65.45189
20.457193 7.325479
3.8615744 6.3320217
-89.67788 -38.73297
61.096863 55.884758
65.1445 -38.609905
-61.976677 -68.12427
18.44331 -65.724884
-68.197784 80.93885
-54.233532 -64.37196
-68.72041 47.140118
-59.77202 -39.52471
-23.905956 84.63579
-97.05664 34.7949
-21.138361 88.36802
30.09554 -59.41723
-63.31073 9.442547
-88.244965 23.308962
-67.22142 28.07318
10.560458 66.148445
28.714846 -13.229616
36.79713 -56.413044
65.24135 -12.597356
-35.23911 11.492665
33.036983 69.222115
-104.15746 14.699515
1.9291073 57.73037
70.420395 -9.868607
-83.35966 20.350092
9.053763 20.629433
-74.39559 50.609196
1.8924196 33.53593
37.423847 87.38722
73.63876 -3.030488
-94.80876 -38.656715
58.192104 -27.624187
-0.38958618 100.95019
20.17022 -14.993851
-20.389273 7.0614405
-30.111334 10.752102
8.364929 -3.1216428
-26.991037 98.449066
30.869305 45.410435
-60.509 61.64031
-101.52068 23.759655
-2.897565 11.264426
23.622465 -94.17418
-12.219004 82.31495
35.528248 61.955738
7.4886265 -66.97988
-63.89977 27.239487
85.28397 4.5263915
-20.191774 44.275803
81.89569 -9.186639
-88.99481 -8.690841
-43.979797 -42.83438
46.16594 -63.796394
42.709507 93.343994
6.2954216 -87.10946
-6.210766 -94.395004
-0.38552746 -67.048
-70.660355 -41.65719
20.28753 -92.2555
-88.23854 44.29089
61.098465 -48.0687
-10.744756 6.05263
-76.556404 -38.325554
-83.39669 -67.23679
-83.69445 24.67999
75.04642 49.082397
29.050213 41.473564
105.015976 45.303833
88.778 -20.739939
-36.415806 -70.18742
78.11109 -37.243404
105.277885 66.876656
-30.789066 89.97837
76.35977 44.500042
15.165336 -41.768772
-99.81881 -32.5773
72.22505 42.003002
-39.902134 -53.14762
12.543937 45.04879
-60.576263 59.9202
92.54922 -38.50312
106.91679 -8.910804
