NODES 90
EDGES 177
0 1
0 2
1 2
3 0
3 2
4 0
4 1
5 0
5 2
6 0
6 2
7 1
7 6
8 0
8 1
9 0
9 3
10 9
10 5
11 1
11 9
12 9
12 4
13 10
13 12
14 8
14 5
15 8
15 5
16 8
16 2
17 8
17 0
18 6
18 15
19 0
19 9
20 0
20 9
21 0
21 1
22 4
22 13
23 4
23 12
24 9
24 3
25 2
25 3
26 16
26 18
27 0
27 13
28 19
28 4
29 28
29 5
30 0
30 21
31 29
31 5
32 9
32 13
33 24
33 7
34 0
34 2
35 16
35 20
36 8
36 6
37 3
37 6
38 0
38 30
39 9
39 3
40 24
40 25
41 18
41 5
42 24
42 6
43 9
43 42
44 17
44 35
45 9
45 31
46 3
46 15
47 24
47 45
48 37
48 15
49 9
49 4
50 16
50 5
51 3
51 21
52 18
52 27
53 5
53 15
54 24
54 6
55 21
55 15
56 24
56 9
57 18
57 42
58 10
58 21
59 9
59 6
60 8
60 49
61 3
61 20
62 9
62 6
63 4
63 30
64 21
64 30
65 24
65 27
66 19
66 29
67 64
67 66
68 13
68 7
69 21
69 15
70 1
70 55
71 9
71 5
72 16
72 3
73 33
73 69
74 16
74 2
75 16
75 70
76 35
76 45
77 5
77 39
78 57
78 21
79 1
79 59
80 65
80 35
81 9
81 19
82 81
82 15
83 19
83 39
84 1
84 18
85 9
85 21
86 70
86 22
87 0
87 21
88 78
88 6
89 64
89 2
POSITIONS
-18.159046 9.929125
2.1597207 23.747128
-24.182077 -10.950273
6.3523884 -12.589426
-15.242258 47.106728
-18.01876 -41.051914
42.753036 -5.547343
49.732365 37.3373
-19.839832 -2.7458355
19.398996 13.61973
10.322837 10.388566
15.705585 29.632284
5.6694527 59.001553
22.421204 61.67877
-28.476189 -34.19977
13.982731 -43.521767
-48.711533 -2.3692555
-44.099037 22.607399
32.21789 -28.646992
-15.333658 -28.771873
-23.253365 29.67715
-4.54043 -3.1385586
-4.6470656 74.64089
-6.1765275 66.68521
48.767624 25.920704
8.254734 -2.6445825
-11.53681 -22.830568
17.438782 43.8717
-34.209927 -16.630226
-41.571198 -44.23565
-43.97948 11.012854
-32.475494 -28.126976
29.965645 49.597946
68.50379 30.356016
-34.94237 0.11797176
-48.54937 44.52249
19.345583 -10.830323
38.63846 -34.80664
-48.043533 15.775805
1.8894582 -36.66602
36.842587 18.856005
9.226596 -52.622364
66.48552 -2.5227878
57.859238 4.691268
-60.69628 41.050934
-8.180648 26.650131
13.928754 -37.40251
27.736689 37.568127
35.265087 -52.748344
-3.4558423 40.113174
-46.60093 -30.880497
-1.2947977 -16.83356
34.747147 8.28627
-2.1071463 -59.760647
60.90614 13.232708
-6.2813377 2.7732506
47.157154 21.00706
62.74579 -26.003386
8.855056 2.277093
41.613483 14.250618
-16.274391 27.138275
-14.089172 18.193193
44.651352 4.3772416
-40.02224 38.001663
-54.894325 -17.969938
17.063242 56.270336
-49.939247 -49.730595
-64.84408 -42.34971
45.35479 61.446926
34.452084 -17.97095
-26.458393 41.501015
2.555733 -24.555288
-36.15911 -11.699047
68.187386 9.111601
-55.06337 -8.73779
-53.15706 26.433979
-38.00779 48.561512
-11.957192 -56.46544
51.081158 -23.508924
30.400469 28.52547
-22.220623 64.163475
14.990772 -30.916937
21.863653 -53.54913
-7.0113597 -49.09288
25.938683 -6.288461
5.768751 9.048534
-20.12545 73.069695
-26.210417 6.7500234
61.472702 -19.449131
-57.475235 -21.999084
