NODES 150
EDGES 444
0 1
0 2
0 3
1 2
1 3
2 3
4 0
4 2
4 3
5 0
5 2
5 4
6 0
6 2
6 5
7 1
7 2
7 5
8 0
8 4
8 5
9 0
9 2
9 3
10 8
10 0
10 3
11 1
11 10
11 4
12 8
12 1
12 4
13 0
13 2
13 4
14 0
14 11
14 6
15 9
15 2
15 4
16 9
16 3
16 1
17 11
17 13
17 15
18 0
18 5
18 14
19 8
19 3
19 14
20 2
20 19
20 14
21 0
21 3
21 13
22 0
22 12
22 7
23 8
23 11
23 4
24 9
24 4
24 21
25 2
25 12
25 14
26 0
26 2
26 7
27 1
27 5
27 21
28 8
28 3
28 4
29 8
29 17
29 1
30 25
30 3
30 29
31 27
31 2
31 19
32 3
32 22
32 23
33 1
33 5
33 31
34 0
34 2
34 11
35 25
35 3
35 4
36 0
36 1
36 12
37 18
37 3
37 28
38 33
38 28
38 5
39 27
39 4
39 38
40 2
40 18
40 4
41 40
41 8
41 2
42 8
42 2
42 4
43 0
43 8
43 7
44 24
44 40
44 12
45 11
45 3
45 4
46 35
46 36
46 21
47 0
47 1
47 8
48 40
48 41
48 9
49 0
49 2
49 7
50 38
50 14
50 23
51 34
51 10
51 12
52 11
52 20
52 37
53 0
53 1
53 4
54 4
54 14
54 39
55 0
55 36
55 12
56 0
56 36
56 5
57 0
57 35
57 44
58 24
58 17
58 23
59 1
59 19
59 36
60 24
60 3
60 38
61 8
61 21
61 23
62 1
62 4
62 28
63 40
63 1
63 12
64 8
64 5
64 14
65 11
65 12
65 39
66 0
66 13
66 7
67 8
67 59
67 12
68 58
68 11
68 63
69 41
69 28
69 5
70 64
70 44
70 5
71 66
71 45
71 6
72 0
72 3
72 47
73 33
73 36
73 62
74 2
74 26
74 35
75 0
75 40
75 21
76 40
76 1
76 14
77 0
77 12
77 14
78 35
78 53
78 30
79 0
79 19
79 6
80 36
80 21
80 79
81 11
81 3
81 55
82 11
82 5
82 23
83 61
83 14
83 47
84 41
84 3
84 12
85 74
85 35
85 36
86 48
86 17
86 3
87 56
87 65
87 12
88 27
88 6
88 47
89 82
89 84
89 21
90 2
90 21
90 31
91 34
91 19
91 4
92 65
92 17
92 23
93 8
93 3
93 5
94 40
94 33
94 22
95 60
95 36
95 76
96 17
96 11
96 33
97 80
97 2
97 15
98 27
98 28
98 4
99 0
99 33
99 37
100 70
100 3
100 62
101 35
101 6
101 7
102 35
102 67
102 62
103 0
103 21
103 39
104 11
104 3
104 60
105 33
105 67
105 15
106 0
106 11
106 38
107 72
107 24
107 96
108 9
108 90
108 66
109 2
109 27
109 21
110 8
110 73
110 5
111 10
111 30
111 71
112 0
112 64
112 5
113 0
113 26
113 78
114 0
114 25
114 3
115 106
115 11
115 101
116 0
116 102
116 6
117 10
117 90
117 22
118 1
118 93
118 23
119 105
119 106
119 36
120 8
120 2
120 102
121 27
121 1
121 35
122 0
122 38
122 39
123 98
123 106
123 71
124 8
124 16
124 119
125 72
125 1
125 0
126 52
126 53
126 46
127 113
127 77
127 121
128 12
128 125
128 14
129 2
129 36
129 66
130 98
130 5
130 54
131 8
131 83
131 5
132 59
132 3
132 44
133 41
133 51
133 78
134 48
134 27
134 4
135 0
135 121
135 23
136 16
136 35
136 124
137 0
137 73
137 3
138 2
138 59
138 71
139 33
139 20
139 41
140 128
140 1
140 3
141 56
141 3
141 132
142 73
142 65
142 29
143 8
143 10
143 35
144 130
144 28
144 4
145 113
145 139
145 1
146 8
146 91
146 126
147 9
147 2
147 23
148 0
148 5
148 38
149 96
149 18
149 146
POSITIONS
6.9809995 -28.61956
2.3501565 -3.9998639
-37.894886 -14.842411
-0.50188327 31.233137
31.053825 15.417402
58.644547 -15.093932
12.592531 -69.56687
-15.387578 -52.914272
27.182684 -13.645756
-40.256992 30.594877
-37.33054 5.4385495
24.340319 45.786613
-10.858585 20.298588
-18.251095 3.258784
32.099094 -22.409548
-41.411644 21.620975
-28.796658 -35.41322
8.803608 82.26113
23.350048 32.465744
-21.343493 -15.954446
-47.297974 4.6958914
-8.487058 4.08055
-29.61143 19.62384
53.12731 45.350403
17.74063 70.0313
-31.358076 -27.55787
-45.993454 -67.80926
43.8065 -28.825396
67.707245 19.89022
10.194792 41.578934
-57.46736 0.9722472
-20.897055 -9.305414
8.621096 57.317608
15.655679 16.947105
-43.808716 16.787333
-37.2895 -58.886196
-41.842995 -26.540237
12.973052 50.841927
80.27811 2.0361447
85.628685 8.103275
-18.273336 58.020596
-33.759087 45.950245
12.957607 -8.77009
15.302229 -52.916702
-1.157659 49.511345
9.75215 9.296357
-64.3263 -22.036325
50.695313 -41.05781
-24.997875 76.35258
-25.53199 -50.960346
81.72452 18.478424
-67.78753 29.065323
-45.367004 49.10302
-30.741938 -8.820848
90.596695 -5.001452
-26.540266 8.23554
1.5915629 12.317918
-15.680097 -26.099651
34.166233 96.93379
-52.357185 -19.28271
33.190426 63.91519
60.075832 -1.6605903
54.093365 -0.53617007
-4.9480696 67.226524
73.29424 -26.918112
52.839428 65.703094
-50.963074 -45.804977
-10.756945 -41.451107
22.20837 96.887764
49.097687 29.866592
72.00028 12.846764
-27.340101 -61.229786
43.58163 15.871051
47.19659 9.115902
-64.730484 -70.5665
-20.205153 20.261843
-10.760956 36.57655
6.4597874 -49.924183
-77.55029 -31.073492
-20.12167 -61.27855
-60.44292 -34.915424
-7.6381917 51.423683
56.75414 53.514587
75.56876 -43.493614
-18.678177 67.06997
-69.99274 -68.39717
-11.86559 90.46756
22.343855 56.715633
50.62707 -69.53865
9.554601 66.967316
-68.527176 0.876028
-34.957172 24.314775
52.751152 86.53818
55.9488 16.102785
-25.05341 54.03955
-18.558136 44.726715
22.374708 84.81572
-74.57318 -10.895153
83.09831 -22.762884
12.544127 22.790102
65.68848 28.400549
-1.8617228 -83.95853
10.806452 -75.51544
45.075848 -10.972674
29.111752 72.23057
-17.582367 -33.21335
42.3144 -47.51335
40.87699 80.204994
-81.62611 -3.9173071
-5.765692 -23.717352
70.52959 -11.995624
-69.685196 -21.563448
65.48399 -42.54797
-52.7604 -70.771095
-12.243032 -15.814969
32.28195 -51.336433
17.366056 -85.14839
-69.04496 17.445469
58.979465 32.94309
-9.661424 -69.468834
2.212214 -57.775658
14.452061 -62.756935
84.27563 -12.207138
45.266567 -65.85205
-16.636835 -75.70036
33.447002 -3.9881375
-73.068115 20.207748
-14.402785 -88.76087
23.447971 4.265967
-69.43663 -42.117783
106.49979 -10.218772
78.896286 -38.574356
-40.60321 49.67836
-85.87246 22.70093
33.239716 35.996403
37.31793 -36.013924
-37.18681 -82.37925
30.233791 3.3561819
-62.189598 -48.1338
-54.757927 15.744446
16.06595 24.477324
-31.894192 55.84649
53.230232 58.777653
-25.584396 -41.430763
96.29117 14.861468
-55.601547 -33.861916
-43.435886 41.796623
-21.012094 36.83862
68.62688 -29.433687
-5.0013914 79.92623
