NODES 180
EDGES 710
0 1
0 2
0 3
0 4
1 2
1 3
1 4
2 3
2 4
3 4
5 0
5 1
5 3
5 4
6 0
6 1
6 4
6 5
7 1
7 3
7 4
7 6
8 0
8 1
8 5
8 7
9 8
9 1
9 2
9 3
10 8
10 1
10 4
10 5
11 8
11 10
11 2
11 4
12 8
12 1
12 4
12 5
13 1
13 3
13 4
13 6
14 3
14 10
14 11
14 5
15 8
15 1
15 10
15 0
16 11
16 3
16 4
16 5
17 11
17 9
17 3
17 16
18 0
18 9
18 10
18 7
19 11
19 5
19 6
19 7
20 18
20 19
20 12
20 6
21 8
21 1
21 18
21 7
22 18
22 11
22 5
22 6
23 9
23 10
23 3
23 7
24 10
24 2
24 4
24 13
25 11
25 9
25 3
25 1
26 16
26 4
26 12
26 14
27 8
27 25
27 23
27 15
28 8
28 0
28 3
28 7
29 0
29 27
29 4
29 7
30 0
30 2
30 12
30 15
31 3
31 11
31 29
31 14
32 11
32 3
32 12
32 6
33 3
33 20
33 5
33 15
34 16
34 21
34 5
34 15
35 8
35 4
35 5
35 6
36 9
36 35
36 6
36 25
37 34
37 12
37 5
37 6
38 24
38 1
38 10
38 11
39 8
39 18
39 13
39 23
40 0
40 1
40 2
40 21
41 24
41 13
41 6
41 39
42 8
42 15
42 30
42 7
43 24
43 16
43 34
43 32
44 1
44 10
44 13
44 14
45 32
45 10
45 11
45 12
46 8
46 4
46 12
46 38
47 25
47 5
47 29
47 23
48 8
48 3
48 5
48 31
49 16
49 1
49 2
49 31
50 0
50 21
50 6
50 47
51 0
51 25
51 10
51 3
52 1
52 50
52 36
52 21
53 11
53 5
53 29
53 21
54 9
54 34
54 11
54 15
55 9
55 50
55 27
55 35
56 32
56 2
56 21
56 15
57 1
57 50
57 6
57 7
58 16
58 28
58 7
58 23
59 1
59 29
59 37
59 7
60 0
60 16
60 9
60 31
61 35
61 23
61 21
61 15
62 25
62 42
62 27
62 36
63 1
63 59
63 21
63 15
64 16
64 33
64 12
64 63
65 11
65 61
65 21
65 23
66 10
66 21
66 6
66 15
67 48
67 1
67 51
67 27
68 1
68 11
68 5
68 25
69 10
69 11
69 34
69 66
70 32
70 9
70 37
70 39
71 25
71 67
71 37
71 6
72 48
72 9
72 15
72 33
73 16
73 21
73 67
73 61
74 27
74 49
74 34
74 3
75 16
75 1
75 66
75 13
76 24
76 1
76 75
76 8
77 20
77 5
77 14
77 36
78 61
78 11
78 4
78 21
79 48
79 10
79 3
79 14
80 16
80 1
80 3
80 5
81 32
81 1
81 20
81 12
82 1
82 43
82 15
82 79
83 48
83 1
83 44
83 5
84 80
84 17
84 69
84 47
85 8
85 58
85 6
85 22
86 10
86 52
86 21
86 6
87 40
87 13
87 39
87 15
88 3
88 25
88 11
88 15
89 11
89 9
89 67
89 24
90 40
90 74
90 84
90 44
91 33
91 66
91 4
91 63
92 74
92 5
92 20
92 13
93 2
93 11
93 44
93 31
94 24
94 10
94 19
94 58
95 10
95 5
95 66
95 7
96 81
96 55
96 39
96 15
97 96
97 74
97 28
97 76
98 11
98 50
98 91
98 34
99 96
99 1
99 11
99 70
100 89
100 42
100 4
100 36
101 18
101 59
101 21
101 6
102 67
102 83
102 68
102 70
103 66
103 75
103 30
103 39
104 65
104 19
104 52
104 4
105 9
105 59
105 85
105 39
106 5
106 50
106 21
106 6
107 1
107 50
107 67
107 38
108 82
108 20
108 6
108 63
109 90
109 2
109 108
109 4
110 16
110 75
110 20
110 7
111 16
111 18
111 100
111 15
112 48
112 16
112 34
112 76
113 0
113 66
113 10
113 7
114 48
114 2
114 52
114 94
115 16
115 63
115 6
115 15
116 8
116 10
116 75
116 12
117 16
117 76
117 46
117 63
118 50
118 34
118 21
118 39
119 88
119 97
119 3
119 79
120 96
120 20
120 93
120 87
121 10
121 4
121 42
121 85
122 32
122 33
122 67
122 5
123 1
123 74
123 59
123 4
124 41
124 20
124 85
124 36
125 1
125 23
125 102
125 103
126 74
126 90
126 77
126 39
127 16
127 9
127 6
127 1
128 112
128 10
128 54
128 39
129 83
129 37
129 86
129 6
130 10
130 76
130 21
130 7
131 0
131 89
131 37
131 95
132 122
132 4
132 95
132 119
133 38
133 131
133 54
133 23
134 16
134 1
134 11
134 0
135 32
135 105
135 53
135 1
136 11
136 21
136 6
136 15
137 3
137 2
137 83
137 79
138 82
138 35
138 6
138 14
139 1
139 13
139 21
139 5
140 108
140 83
140 4
140 62
141 0
141 11
141 27
141 133
142 3
142 75
142 125
142 54
143 40
143 122
143 21
143 111
144 48
144 33
144 15
144 39
145 9
145 50
145 67
145 5
146 48
146 1
146 9
146 7
147 0
147 43
147 4
147 104
148 81
148 11
148 20
148 69
149 8
149 73
149 50
149 55
150 56
150 129
150 3
150 47
151 83
151 23
151 21
151 15
152 40
152 113
152 91
152 132
153 121
153 130
153 37
153 7
154 1
154 122
154 27
154 14
155 32
155 11
155 15
155 135
156 11
156 18
156 59
156 15
157 9
157 35
157 21
157 15
158 85
158 116
158 37
158 6
159 154
159 148
159 38
159 63
160 104
160 48
160 52
160 6
161 32
161 101
161 12
161 93
162 0
162 107
162 116
162 15
163 89
163 53
163 142
163 127
164 1
164 130
164 4
164 15
165 80
165 97
165 90
165 83
166 159
166 29
166 47
166 7
167 16
167 3
167 116
167 23
168 66
168 2
168 53
168 125
169 88
169 1
169 21
169 17
170 16
170 82
170 84
170 36
171 128
171 43
171 35
171 72
172 122
172 3
172 85
172 53
173 152
173 65
173 62
173 17
174 9
174 132
174 125
174 134
175 123
175 76
175 21
175 62
176 16
176 32
176 149
176 159
177 46
177 77
177 38
177 6
178 162
178 147
178 52
178 142
179 32
179 33
179 116
179 49
POSITIONS
-32.103832 -0.09124516
-13.057481 -15.620735
-60.79518 25.38094
-60.14983 -24.986212
-31.49492 40.762344
6.7745094 -32.441917
59.367737 -3.353989
8.61987 17.808554
19.0084 4.3287053
19.807707 -42.845814
-9.597618 26.853912
6.5813775 -20.745071
26.18903 -16.541012
-14.550789 15.772883
-42.109978 -49.08075
28.771585 42.193836
-40.171604 16.922768
-62.7498 -6.0015445
61.29237 25.153652
30.499416 31.768414
60.86367 6.850419
58.88715 51.113377
64.23531 -29.180344
0.7311872 -6.844923
-30.214327 22.007605
-15.185378 -61.497944
-41.08952 -23.784029
0.13898155 -53.637596
-57.837246 18.626364
-29.937122 -48.741356
-13.7551775 56.750763
-62.047806 -45.380028
48.653847 -43.08668
15.929771 36.983105
28.187845 22.978497
80.80023 15.648905
32.887257 1.0451273
60.31171 -48.94452
-12.890503 -56.885838
51.47759 23.194452
-41.596535 66.51121
47.474796 23.670792
18.202303 76.93389
4.565622 54.013557
-56.134304 -9.819005
35.03768 -29.8514
-24.330847 -12.257308
-5.921646 -78.29345
1.5443987 11.404166
-78.55483 11.49829
82.34831 -18.80821
-43.677265 -58.989784
42.148582 71.66148
-22.911436 -57.210815
13.682928 -11.199591
86.43996 -47.382286
39.5275 5.3443437
68.81663 -18.891104
-24.754845 32.326202
42.686604 -11.295064
-56.364624 -38.34081
75.53308 52.844563
-8.043315 50.522278
16.383144 54.81265
1.1836817 47.253567
31.395836 77.20371
-24.47685 63.490925
15.662374 -84.89104
-1.1740366 -76.93672
-19.814743 2.6037505
58.642475 -71.12531
44.92966 -86.08213
47.611282 41.69144
73.07744 -9.804278
-72.2451 11.034226
-65.985634 44.227947
-49.64118 70.17559
7.902002 -49.335064
51.341297 52.893932
-77.97719 1.5698352
-83.35807 -32.732227
64.84658 -28.087776
-15.666729 44.917442
-30.336864 -30.036228
-88.360405 -22.908516
54.58915 -22.771101
74.18167 35.614494
39.3009 63.234364
-41.252586 -25.398184
-27.76654 -66.80134
-100.04805 20.301052
-9.695271 90.41581
4.9817195 -2.4075954
-7.783024 -8.292027
-19.868166 71.8586
-43.263096 -4.7858005
75.85261 9.594887
-81.681496 26.065971
56.521202 29.920485
49.96516 -53.76578
4.518641 39.435146
96.1127 7.220141
-6.588505 -95.42874
-52.68743 57.655457
16.712626 102.75162
71.9518 -42.717545
92.759544 -11.071162
23.360716 -62.39998
5.5910892 69.00344
-76.00828 63.931202
-21.13368 41.88951
20.50625 65.150154
-7.8803654 69.012344
-40.51075 74.97968
-20.690632 82.70523
21.456564 54.215702
-13.409961 16.933031
-58.288727 53.370987
92.57501 27.829962
-106.72581 -0.53422403
75.52127 29.294586
25.121265 66.869705
-18.32031 -38.660606
-48.33282 40.255978
86.82173 -1.630273
-76.37354 -33.407436
-52.99398 1.2791063
-15.187539 -46.051285
49.255352 68.14519
66.01292 -49.183846
12.627381 84.04752
-22.390263 -76.87411
-89.851036 14.058638
-15.728871 -82.625656
-66.59986 -23.922829
49.11305 -63.465794
71.58229 29.538858
-90.22113 -15.284877
38.279564 -13.96339
17.594456 6.589831
-24.75649 59.13481
-31.789864 -78.14169
-77.6033 -9.74626
3.9696584 69.75411
41.8933 56.466675
42.60321 -81.61972
-5.603616 -22.227848
-29.186125 88.998764
42.64442 -47.949875
96.27908 -39.63841
23.45075 -71.747765
34.45063 24.26218
-60.99757 90.2689
50.8083 60.008995
-31.774092 -87.73956
59.650482 -41.871323
57.51579 10.792877
86.802986 28.537271
70.6975 -37.670143
9.886422 -76.082794
46.608856 77.59284
75.37656 -25.84053
-26.530546 25.322372
-58.263527 -76.177086
-5.673579 76.82136
-108.73511 -7.6119156
-7.466274 -86.5918
-62.098186 -4.5838675
-83.30819 -3.7417552
-29.179235 -0.8672917
-59.715233 11.916627
69.39226 73.790146
-31.660006 -57.10362
-42.7893 91.203125
-84.56723 -41.15062
-18.853588 89.12552
41.049427 -71.144035
14.203472 -65.3179
-45.19042 79.65608
-4.6679826 23.16708
