NODES 105
EDGES 309
0 1
0 2
0 3
1 2
1 3
2 3
4 0
4 2
4 3
5 0
5 1
5 3
6 0
6 1
6 3
7 0
7 1
7 6
8 3
8 4
8 6
9 1
9 4
9 5
10 0
10 4
10 6
11 8
11 1
11 9
12 11
12 1
12 3
13 8
13 9
13 2
14 1
14 3
14 13
15 5
15 11
15 13
16 0
16 3
16 5
17 4
17 13
17 7
18 1
18 11
18 5
19 10
19 13
19 6
20 1
20 4
20 12
21 13
21 14
21 7
22 12
22 6
22 7
23 9
23 4
23 5
24 21
24 20
24 5
25 0
25 11
25 20
26 8
26 1
26 3
27 8
27 9
27 12
28 5
28 12
28 13
29 4
29 13
29 7
30 27
30 21
30 6
31 9
31 11
31 12
32 2
32 26
32 28
33 8
33 3
33 12
34 33
34 3
34 4
35 8
35 9
35 3
36 0
36 9
36 3
37 9
37 25
37 6
38 1
38 3
38 9
39 1
39 27
39 29
40 0
40 25
40 36
41 3
41 11
41 20
42 9
42 3
42 13
43 24
43 0
43 3
44 0
44 5
44 7
45 27
45 36
45 5
46 8
46 42
46 4
47 0
47 4
47 5
48 5
48 44
48 21
49 42
49 46
49 47
50 8
50 19
50 21
51 34
51 4
51 44
52 24
52 14
52 15
53 24
53 1
53 20
54 24
54 1
54 22
55 32
55 14
55 7
56 19
56 1
56 3
57 56
57 1
57 12
58 0
58 3
58 29
59 9
59 3
59 6
60 24
60 0
60 3
61 57
61 28
61 1
62 40
62 42
62 43
63 8
63 0
63 30
64 26
64 39
64 47
65 3
65 13
65 6
66 1
66 15
66 33
67 12
67 4
67 5
68 26
68 35
68 53
69 11
69 3
69 4
70 32
70 3
70 39
71 51
71 44
71 39
72 4
72 12
72 5
73 8
73 3
73 13
74 0
74 44
74 13
75 0
75 65
75 12
76 9
76 60
76 14
77 33
77 4
77 13
78 8
78 20
78 31
79 72
79 1
79 70
80 8
80 12
80 6
81 12
81 29
81 22
82 12
82 69
82 46
83 27
83 11
83 67
84 9
84 21
84 22
85 48
85 1
85 3
86 9
86 20
86 6
87 82
87 13
87 54
88 53
88 3
88 69
89 42
89 27
89 15
90 16
90 13
90 6
91 0
91 2
91 21
92 1
92 91
92 5
93 29
93 74
93 13
94 4
94 29
94 6
95 1
95 18
95 20
96 82
96 51
96 68
97 27
97 35
97 47
98 9
98 53
98 78
99 3
99 2
99 91
100 8
100 49
100 92
101 0
101 25
101 3
102 73
102 28
102 6
103 42
103 21
103 39
104 80
104 100
104 28
POSITIONS
20.050755 2.692967
-49.637295 10.574976
-1.5302726 -135.30878
-10.609751 -39.2644
-63.54447 -30.004322
48.18114 -66.67006
18.657299 65.380844
21.18263 -29.290564
52.557026 14.288117
-15.256856 61.604782
74.752365 -39.052742
-34.080578 -17.51495
-127.25519 -31.147657
12.960159 33.890785
119.68249 29.094833
99.29286 -112.65642
78.04522 78.70481
-111.739876 42.94822
79.45761 -3.0510554
47.733795 181.02927
-93.09776 -84.93307
150.71388 116.95937
-49.127106 94.281204
-31.679373 -157.79965
43.211533 44.870495
-121.16095 9.86928
111.81265 -1.999152
48.41351 90.78634
-35.687874 -124.53957
87.327354 28.492792
66.139656 233.07806
-10.628742 -104.645546
118.646065 -87.171974
-72.01585 -60.86279
9.318263 -79.64881
71.56988 137.40323
-40.07087 -51.74943
-41.99308 189.44919
-181.47313 -10.1457405
134.9768 -52.850574
-91.828735 67.99774
-122.2546 -165.00626
50.98062 -17.65946
-89.57909 4.768574
-34.385887 -83.229095
87.17043 109.374664
-102.646324 -51.600456
131.54637 -116.46114
-39.7389 41.000343
84.92713 -176.2394
194.08122 202.2415
-156.81483 -74.834045
226.50887 -110.99149
-72.01518 121.61463
-152.49759 3.429743
246.41553 11.278504
-125.62917 116.083336
-146.42569 -105.09835
118.911224 113.43585
-173.7507 27.325079
182.59885 -9.167229
-148.1753 85.638214
-177.75716 -111.6127
164.6913 148.40704
42.686657 -98.178566
23.019323 -155.81439
3.4083626 93.50432
-154.10268 -161.89185
142.826 85.946655
-181.57047 84.225075
106.78749 -151.2852
137.58281 -20.957958
-142.40004 33.80577
150.07243 -81.15511
-17.968174 118.26785
-100.78532 -190.32106
227.70181 88.51736
-163.7079 57.6867
-68.46153 -176.65562
-43.94597 136.94969
-124.01701 -76.69026
106.25984 -33.511505
-273.85107 79.15444
-80.20252 -141.54376
94.89808 219.04408
-205.59013 30.359232
42.134415 -130.16681
-175.3396 181.27274
-242.06792 22.20055
230.95456 -17.987839
-8.269195 215.43779
163.54822 -120.370804
160.99596 14.440287
-97.05207 101.69536
164.06537 -38.919918
-100.59415 136.01566
-237.11421 -66.22526
223.26125 120.207756
-211.90509 74.03984
80.64638 -236.03722
145.32855 48.233234
-186.13728 -62.04091
195.09576 -98.76784
143.58449 172.45912
-48.229824 -230.74638
