NODES 90
EDGES 177
0 1
0 2
1 2
3 0
3 2
4 0
4 1
5 0
5 2
6 0
6 2
7 1
7 6
8 0
8 1
9 0
9 3
10 9
10 5
11 1
11 9
12 9
12 4
13 10
13 12
14 8
14 5
15 8
15 5
16 8
16 2
17 8
17 0
18 6
18 15
19 0
19 9
20 0
20 9
21 0
21 1
22 4
22 13
23 4
23 12
24 9
24 3
25 2
25 3
26 16
26 18
27 0
27 13
28 19
28 4
29 28
29 5
30 0
30 21
31 29
31 5
32 9
32 13
33 24
33 7
34 0
34 2
35 16
35 20
36 8
36 6
37 3
37 6
38 0
38 30
39 9
39 3
40 24
40 25
41 18
41 5
42 24
42 6
43 9
43 42
44 17
44 35
45 9
45 31
46 3
46 15
47 24
47 45
48 37
48 15
49 9
49 4
50 16
50 5
51 3
51 21
52 18
52 27
53 5
53 15
54 24
54 6
55 21
55 15
56 24
56 9
57 18
57 42
58 10
58 21
59 9
59 6
60 8
60 49
61 3
61 20
62 9
62 6
63 4
63 30
64 21
64 30
65 24
65 27
66 19
66 29
67 64
67 66
68 13
68 7
69 21
69 15
70 1
70 55
71 9
71 5
72 16
72 3
73 33
73 69
74 16
74 2
75 16
75 70
76 35
76 45
77 5
77 39
78 57
78 21
79 1
79 59
80 65
80 35
81 9
81 19
82 81
82 15
83 19
83 39
84 1
84 18
85 9
85 21
86 70
86 22
87 0
87 21
88 78
88 6
89 64
89 2
POSITIONS
-23.62583 -9.053648
2.6801753 -74.47683
38.7235 17.576065
-53.852985 60.520813
-112.37357 -121.64685
143.73312 0.98658556
-72.720436 -55.1065
2.518213 -167.23874
106.63354 -50.53258
-83.20077 19.036222
88.39012 -76.822845
-41.68799 142.48497
-148.56361 -101.33998
68.70671 -40.218822
65.45382 77.17185
25.190748 -12.031408
95.81485 67.061134
-48.075264 -117.96848
74.26434 -170.92714
50.22371 47.438168
-178.62901 46.644398
-9.692963 30.134808
-85.419624 -102.69455
-103.19181 -229.5866
-18.445944 120.48748
-144.13443 97.79338
228.01637 -78.3477
-26.666397 -58.093277
53.745922 -74.02862
211.0817 83.51425
-131.22127 64.133224
285.65213 41.697075
36.254864 137.35031
-76.15912 -133.3253
167.95741 -19.92236
-84.40741 51.012547
-47.751926 -160.63947
-0.16706173 171.97818
-232.12218 6.3137045
31.81987 -43.33722
-118.62145 273.11346
38.861034 -230.36107
95.12535 34.81395
-103.72959 174.09398
-35.958164 -190.38686
151.0929 157.60298
-155.50652 -40.1148
229.10378 181.15498
-32.170227 230.7776
-97.1586 -185.10072
247.1061 103.11198
-110.25166 134.62477
130.95396 -213.67264
119.574776 132.27411
-171.56334 6.7220106
109.13997 -121.094734
-170.09084 186.93552
165.84859 -237.74078
170.02052 105.25251
-216.50952 47.42128
162.01346 -205.97137
-174.39589 218.63599
-202.59413 -102.26615
-0.7322214 93.411125
-157.96527 157.3338
-34.001915 -89.23701
22.180193 254.41211
-251.47595 229.30862
197.79332 -145.07396
-6.9504824 62.015583
21.057985 -278.16046
135.02255 84.36014
-141.85757 129.70404
99.85211 -151.71393
62.715916 213.06046
-46.39303 -236.22992
171.0577 221.50122
-31.031517 83.11549
70.723694 -227.39949
-82.35418 150.27727
-232.0906 -75.83069
77.001114 8.441392
-51.57163 112.04887
44.907486 -156.33316
184.98921 -90.636215
-195.92328 95.65517
39.6261 -335.41122
64.11024 175.96992
-123.85156 -254.73819
80.11097 124.19033
