NODES 105
EDGES 207
0 1
0 2
1 2
3 1
3 2
4 1
4 2
5 1
5 4
6 4
6 5
7 2
7 6
8 4
8 5
9 4
9 5
10 9
10 5
11 8
11 6
12 1
12 11
13 8
13 4
14 4
14 5
15 2
15 4
16 8
16 11
17 8
17 2
18 9
18 15
19 11
19 4
20 1
20 11
21 10
21 4
22 3
22 13
23 1
23 3
24 4
24 6
25 2
25 10
26 0
26 11
27 9
27 11
28 11
28 22
29 11
29 14
30 2
30 4
31 1
31 5
32 1
32 29
33 11
33 13
34 4
34 5
35 2
35 11
36 9
36 4
37 0
37 5
38 19
38 27
39 3
39 4
40 0
40 4
41 4
41 5
42 4
42 39
43 11
43 30
44 32
44 21
45 0
45 4
46 1
46 10
47 24
47 10
48 8
48 44
49 17
49 2
50 42
50 36
51 10
51 14
52 1
52 21
53 33
53 6
54 48
54 40
55 1
55 3
56 45
56 7
57 40
57 48
58 19
58 31
59 11
59 28
60 27
60 13
61 18
61 31
62 57
62 4
63 1
63 2
64 0
64 2
65 50
65 11
66 42
66 43
67 13
67 15
68 25
68 4
69 38
69 23
70 10
70 45
71 32
71 57
72 48
72 43
73 3
73 4
74 30
74 63
75 8
75 36
76 11
76 63
77 16
77 11
78 25
78 11
79 10
79 5
80 2
80 63
81 57
81 69
82 49
82 2
83 48
83 10
84 1
84 11
85 19
85 28
86 4
86 6
87 11
87 63
88 72
88 30
89 88
89 4
90 32
90 8
91 50
91 11
92 41
92 1
93 3
93 11
94 65
94 2
95 80
95 38
96 11
96 43
97 2
97 68
98 44
98 93
99 21
99 14
100 2
100 51
101 97
101 59
102 9
102 36
103 12
103 69
104 9
104 2
POSITIONS
-34.886677 22.064695
-6.4720707 8.837237
-41.197094 -11.737023
19.04791 -3.9326406
8.975249 20.49212
-9.458045 35.099823
-21.17535 16.550533
-57.5736 18.824379
25.900255 1.4786055
5.341851 -0.40107262
-24.417618 58.7059
4.548956 -41.380775
27.244678 -24.533512
33.744442 -29.693361
-3.7793 58.67364
-3.0520806 -13.967229
18.800129 -44.087837
-32.80262 -16.664827
-2.9178584 -21.90931
16.95516 -57.518238
-6.4550247 -20.588259
8.278029 68.30144
25.403532 -47.689182
41.51572 -4.3329043
-19.796852 46.5047
-53.937057 6.6357317
-24.527775 -12.318189
33.99938 -51.47566
3.1860127 -75.72751
20.028006 32.599976
11.172149 -11.299071
-14.386407 -12.201534
38.86379 48.936665
14.164595 -31.81605
3.5379426 40.47843
-28.522902 -34.463577
37.08802 -12.031783
-34.242348 36.955395
41.805454 -65.242386
40.460556 7.2071843
27.362188 49.94116
-6.2636104 43.90076
54.247715 -9.212571
47.994667 -24.034998
42.159527 66.016335
-46.27784 43.961815
-26.388268 43.84312
-29.89298 69.92072
53.885536 53.634098
-61.69603 -19.880114
42.643 -43.68961
-37.48527 61.368263
4.1392946 52.59485
-7.928221 -8.399908
50.369614 65.726715
8.322382 5.5092816
-66.74383 38.308144
68.21257 50.515602
-3.0824702 -51.689865
-20.640875 -74.55766
48.74449 -52.894447
-14.52286 -28.272604
51.862476 41.229015
-33.18328 -42.252773
-50.469364 9.804345
1.9705094 -60.021576
66.145226 -18.820103
23.700497 -31.160292
-50.006603 -1.3827316
73.17093 -23.290293
-47.642677 63.621235
65.717766 61.662415
65.0835 17.975658
24.344238 15.779858
-19.549932 -35.823257
47.40889 -8.7953615
-21.051231 -53.464523
11.82626 -60.906784
-39.54811 -26.08877
-19.538273 65.25441
-31.778131 -57.182922
85.53586 16.736595
-69.14007 -19.218405
19.514368 71.714485
-8.692089 -24.31164
12.731688 -84.476555
-12.755437 24.469263
-21.602829 -57.814796
52.37894 14.101748
42.018326 23.689299
43.71794 31.998432
30.652918 -59.572777
-16.909826 36.15069
34.129402 4.6772413
-31.108438 -49.01266
7.6038737 -78.46477
34.827263 -42.005367
-61.12345 -33.13841
47.54591 44.299026
1.9581652 80.49983
-54.017773 31.681263
-52.250744 -64.862526
30.334755 -11.504687
65.55941 -29.875298
-25.031075 -5.9049406
