NODES 150
EDGES 444
0 1
0 2
0 3
1 2
1 3
2 3
4 0
4 1
4 3
5 0
5 2
5 4
6 1
6 3
6 5
7 0
7 1
7 2
8 1
8 2
8 5
9 1
9 2
9 3
10 1
10 2
10 7
11 3
11 4
11 7
12 0
12 5
12 7
13 3
13 11
13 4
14 1
14 12
14 6
15 0
15 2
15 11
16 0
16 2
16 14
17 1
17 6
17 9
18 2
18 11
18 4
19 8
19 1
19 2
20 18
20 11
20 6
21 19
21 4
21 14
22 0
22 1
22 15
23 16
23 1
23 17
24 4
24 14
24 15
25 17
25 5
25 9
26 1
26 6
26 14
27 25
27 10
27 4
28 16
28 1
28 18
29 0
29 9
29 26
30 8
30 3
30 6
31 8
31 3
31 6
32 24
32 1
32 29
33 10
33 12
33 6
34 0
34 2
34 18
35 2
35 20
35 29
36 34
36 2
36 7
37 25
37 2
37 7
38 8
38 33
38 4
39 32
39 18
39 22
40 8
40 18
40 35
41 0
41 2
41 30
42 1
42 2
42 3
43 0
43 10
43 7
44 25
44 18
44 2
45 18
45 2
45 5
46 17
46 2
46 23
47 25
47 27
47 28
48 1
48 4
48 30
49 17
49 35
49 5
50 0
50 43
50 46
51 8
51 32
51 27
52 48
52 1
52 8
53 1
53 14
53 33
54 16
54 25
54 0
55 49
55 3
55 29
56 33
56 2
56 4
57 0
57 4
57 14
58 33
58 2
58 14
59 57
59 12
59 7
60 18
60 5
60 31
61 0
61 44
61 54
62 2
62 55
62 23
63 26
63 12
63 15
64 14
64 6
64 30
65 8
65 25
65 27
66 65
66 1
66 52
67 56
67 1
67 12
68 9
68 54
68 7
69 25
69 2
69 4
70 49
70 52
70 22
71 25
71 43
71 37
72 8
72 57
72 25
73 17
73 4
73 62
74 50
74 2
74 4
75 0
75 4
75 12
76 25
76 18
76 7
77 8
77 29
77 5
78 73
78 25
78 53
79 2
79 18
79 14
80 26
80 11
80 54
81 17
81 4
81 5
82 51
82 68
82 13
83 1
83 25
83 33
84 26
84 43
84 55
85 41
85 68
85 38
86 20
86 12
86 29
87 8
87 10
87 37
88 18
88 61
88 55
89 25
89 44
89 30
90 1
90 68
90 7
91 1
91 59
91 28
92 0
92 9
92 14
93 17
93 1
93 79
94 1
94 18
94 5
95 32
95 28
95 37
96 0
96 22
96 15
97 33
97 2
97 83
98 34
98 45
98 54
99 88
99 2
99 51
100 64
100 57
100 2
101 12
101 14
101 6
102 43
102 62
102 30
103 10
103 20
103 15
104 1
104 4
104 52
105 44
105 63
105 68
106 43
106 12
106 7
107 48
107 17
107 12
108 1
108 67
108 5
109 34
109 45
109 93
110 65
110 89
110 68
111 73
111 89
111 8
112 26
112 108
112 50
113 8
113 44
113 54
114 8
114 2
114 47
115 56
115 10
115 4
116 24
116 54
116 14
117 2
117 3
117 52
118 34
118 12
118 30
119 1
119 29
119 103
120 0
120 117
120 15
121 9
121 12
121 109
122 4
122 12
122 44
123 32
123 25
123 12
124 96
124 65
124 100
125 44
125 94
125 30
126 1
126 42
126 116
127 18
127 58
127 109
128 57
128 91
128 124
129 57
129 122
129 6
130 4
130 126
130 71
131 48
131 28
131 6
132 4
132 54
132 55
133 96
133 82
133 93
134 72
134 89
134 4
135 2
135 93
135 87
136 25
136 26
136 30
137 124
137 10
137 100
138 105
138 74
138 38
139 97
139 70
139 63
140 49
140 21
140 30
141 25
141 34
141 54
142 17
142 2
142 62
143 136
143 105
143 62
144 99
144 20
144 62
145 89
145 73
145 13
146 54
146 9
146 22
147 2
147 74
147 117
148 99
148 83
148 75
149 17
149 61
149 62
POSITIONS
-11.468552 -32.085094
-17.356647 28.35998
4.6261473 -0.76538783
69.75173 41.00181
-92.31722 2.9498236
61.01246 -21.418304
-31.876747 68.75448
-43.438293 -30.81217
52.17294 67.72477
-60.876236 55.305515
10.655241 88.711296
38.93837 8.938263
-73.37052 -55.232895
93.663826 131.5898
-110.51511 168.42172
59.53989 -79.96617
29.026604 -21.459003
-87.96515 -83.70773
79.24896 -49.43072
15.020108 199.3497
-21.47505 -63.981422
-14.13307 147.09898
-40.90917 -164.14783
-13.411006 -180.50098
40.082962 179.42706
47.26341 -50.413803
92.8924 84.65538
14.606254 29.646036
9.144812 -107.11415
61.728268 129.7133
-49.213436 25.517727
201.79018 15.707934
115.10057 212.62802
-125.147446 32.18377
81.72225 -111.572876
-85.038155 76.267166
12.379583 -220.7404
85.21104 162.45486
-194.02516 14.621672
223.17259 39.515327
10.319024 167.71217
-148.89565 -93.287415
156.54922 146.7894
24.259247 117.663765
22.687319 -136.08449
-2.2047668 56.861397
-119.137794 -76.52493
82.30279 -150.76013
50.720406 99.68717
-9.238085 -134.31648
117.21084 105.45544
-84.71975 34.025333
108.12905 -64.30961
-51.462917 211.7224
-57.286243 -92.80463
136.37248 -32.853462
-166.42596 -35.676514
-61.122135 -4.170206
-89.385895 144.39647
-175.37071 -160.3948
271.38278 -98.564705
-41.145664 -132.14873
133.18124 -184.66273
227.12929 -30.108023
-144.32426 246.73584
134.60205 36.75011
198.7801 71.43543
-198.58488 -17.04782
70.91719 9.0232
-116.58375 93.93049
123.012474 -266.86212
179.01698 124.02246
-113.70481 62.057404
26.206942 -80.06071
-40.190838 165.65186
-147.84386 -184.35611
193.20139 -85.73871
-71.11272 118.15344
30.602573 -167.05472
-18.799618 189.44339
-147.29607 -61.326088
109.78992 -96.25568
-56.097286 89.90135
-102.62268 -138.56465
233.84071 169.47572
-278.42078 29.413252
118.2122 -127.10794
-9.316295 272.7786
-19.382399 -224.51535
118.55497 65.53845
-147.11874 84.35451
-79.64275 -242.80469
43.43275 214.06494
-243.28296 21.300026
150.11182 -149.00613
85.36535 284.7235
-150.75491 -134.40623
167.42213 -40.60526
-145.68794 -11.305826
-35.860348 -261.9149
-70.91611 237.11711
-229.08542 -7.3775926
146.17474 -64.535904
-128.7304 140.57503
-71.96504 -175.55122
224.83409 -155.90054
-202.54108 45.460155
51.937782 -123.19738
35.27301 147.70448
-211.04976 -59.43703
294.2838 56.11844
-43.212563 133.7942
268.98856 17.07489
151.02605 64.214935
-93.70447 -30.52663
92.3586 -15.05069
-98.52545 253.29047
114.27233 -158.8552
136.7502 -0.8566854
-159.64078 218.63951
140.41603 -240.02432
-220.26234 120.66091
-207.73047 -105.31512
174.76773 42.756226
-158.56834 129.01233
29.170864 -267.76712
89.528534 245.95042
-260.96045 -12.352045
35.501797 -198.64894
-239.5389 95.118515
14.936811 -50.13911
203.2396 103.119995
-156.83963 27.759615
-275.32025 -156.8908
10.938326 231.11928
-246.34113 142.54103
170.50864 -108.30061
-112.08748 316.4093
-71.02644 -143.57011
357.7611 -94.9662
-213.43408 75.5444
60.88773 -245.82417
-19.847557 98.377205
225.76485 -301.3224
149.5623 -291.4527
-66.68008 183.57555
-186.59697 -190.36096
125.93859 156.10484
-190.38718 -327.82977
153.5227 -210.8404
