NODES 195
EDGES 387
0 1
0 2
1 2
3 1
3 2
4 1
4 2
5 0
5 2
6 0
6 4
7 0
7 5
8 0
8 4
9 2
9 4
10 0
10 7
11 8
11 4
12 0
12 4
13 0
13 4
14 1
14 2
15 9
15 3
16 9
16 7
17 1
17 4
18 2
18 4
19 8
19 7
20 8
20 2
21 1
21 10
22 8
22 14
23 0
23 2
24 0
24 5
25 1
25 14
26 17
26 13
27 9
27 2
28 25
28 15
29 28
29 5
30 0
30 20
31 0
31 14
32 20
32 5
33 30
33 15
34 1
34 22
35 0
35 4
36 1
36 10
37 33
37 4
38 4
38 30
39 25
39 14
40 2
40 13
41 0
41 4
42 38
42 7
43 2
43 12
44 2
44 4
45 4
45 37
46 2
46 45
47 18
47 11
48 3
48 4
49 2
49 46
50 16
50 9
51 40
51 4
52 1
52 15
53 48
53 5
54 44
54 22
55 25
55 37
56 51
56 45
57 23
57 7
58 8
58 45
59 30
59 7
60 0
60 5
61 2
61 27
62 4
62 14
63 49
63 1
64 52
64 14
65 2
65 22
66 0
66 45
67 3
67 15
68 8
68 5
69 43
69 36
70 4
70 13
71 4
71 14
72 8
72 67
73 16
73 2
74 73
74 51
75 65
75 37
76 2
76 30
77 4
77 37
78 4
78 31
79 45
79 15
80 73
80 49
81 8
81 4
82 0
82 38
83 0
83 34
84 5
84 23
85 35
85 22
86 79
86 7
87 8
87 3
88 2
88 7
89 59
89 28
90 40
90 39
91 1
91 15
92 4
92 45
93 19
93 63
94 16
94 37
95 19
95 12
96 72
96 25
97 16
97 90
98 25
98 4
99 19
99 30
100 16
100 91
101 50
101 19
102 30
102 23
103 93
103 79
104 16
104 36
105 45
105 37
106 46
106 14
107 14
107 7
108 10
108 69
109 4
109 23
110 82
110 103
111 0
111 106
112 8
112 50
113 5
113 102
114 0
114 3
115 24
115 9
116 62
116 7
117 73
117 77
118 51
118 4
119 12
119 23
120 63
120 71
121 35
121 4
122 10
122 70
123 4
123 23
124 37
124 5
125 24
125 2
126 71
126 23
127 41
127 68
128 4
128 5
129 83
129 77
130 2
130 4
131 4
131 45
132 2
132 36
133 41
133 27
134 117
134 7
135 15
135 23
136 97
136 4
137 1
137 4
138 96
138 60
139 4
139 63
140 10
140 23
141 13
141 46
142 105
142 19
143 46
143 22
144 10
144 11
145 18
145 23
146 9
146 4
147 4
147 141
148 138
148 123
149 8
149 2
150 23
150 7
151 34
151 3
152 120
152 62
153 152
153 39
154 16
154 23
155 10
155 28
156 60
156 39
157 34
157 117
158 50
158 58
159 28
159 5
160 32
160 2
161 20
161 22
162 25
162 28
163 121
163 7
164 22
164 135
165 96
165 15
166 8
166 7
167 2
167 27
168 67
168 134
169 0
169 52
170 0
170 102
171 117
171 7
172 2
172 117
173 9
173 10
174 123
174 22
175 82
175 60
176 165
176 7
177 16
177 60
178 0
178 14
179 8
179 4
180 2
180 15
181 104
181 1
182 25
182 31
183 9
183 38
184 102
184 14
185 156
185 108
186 41
186 34
187 40
187 145
188 111
188 103
189 21
189 22
190 8
190 78
191 71
191 119
192 147
192 117
193 114
193 118
194 49
194 100
POSITIONS
-1.5663648 -38.307747
23.567991 -18.514845
-37.64013 -62.76466
-75.294975 43.74971
13.240652 69.409004
122.79281 -41.340355
9.787741 143.40657
23.102562 103.37588
-54.065998 97.026665
73.15974 42.356167
104.82176 37.717648
192.04926 118.915825
-153.79214 79.65462
70.0183 -53.62808
-55.091553 18.341867
-37.180237 -110.69421
190.7555 45.889553
-32.74772 -31.140354
61.6649 -22.150543
-88.94975 234.0159
-156.11751 47.752674
161.2615 148.45828
-234.20105 20.054985
14.480694 -85.22279
224.5365 8.317214
-154.56691 -175.87848
224.23888 -176.35646
-86.761566 13.886569
-31.054157 -256.31482
224.06654 -100.36849
3.473838 36.267582
-142.12126 -146.22581
52.436726 152.88547
-101.29081 -14.619726
76.2165 -122.98876
-118.59289 164.2614
-79.80133 -40.604412
84.231445 156.46964
-65.973366 -11.753881
-229.23755 -66.52262
-151.07204 111.53153
-35.955936 -142.66586
42.33183 56.078465
-280.9956 82.17536
-15.397972 -192.872
84.29319 230.16942
-131.7503 -25.52304
351.35492 -30.62557
-50.321762 206.10799
23.907528 -115.94767
145.7527 191.05902
-145.71086 182.08139
-45.995014 -183.45967
102.15872 256.717
-260.14667 -245.08057
110.004745 5.2962594
-184.50839 341.6359
113.76002 -193.22603
71.369865 351.3054
-148.55356 1.7092956
88.42695 -294.86472
-68.44861 150.76825
-6.5028296 5.862551
158.76086 -14.481852
-243.31573 -103.94434
-91.650406 -184.37585
122.32178 281.5655
-213.52388 -4.367426
98.34389 -69.458694
-289.4877 170.60141
-52.60171 -214.77022
214.03377 67.8438
-273.9625 -117.4581
47.649487 -137.38692
-29.334682 148.09505
-66.95452 -123.50836
93.829834 -22.314823
-85.982704 123.999695
-80.09104 -252.91023
76.29351 125.47323
-74.84082 -308.04312
173.46451 18.963455
110.724594 72.15924
-75.66833 -75.28447
248.79657 -18.804413
-353.21713 143.99236
208.56268 -19.399862
-41.770782 262.14505
-190.60896 -84.436356
76.446075 -265.19223
-126.01766 249.20247
49.051613 -169.34293
186.30328 260.7082
-183.59067 203.60564
315.2751 13.284337
-155.48448 355.11224
-137.19415 -346.46167
259.4543 231.57924
-258.2188 -52.95608
43.118546 -70.95653
194.96829 164.17758
-215.2122 198.7095
254.61108 -50.27273
-88.48941 276.40955
194.60637 -138.75114
167.33458 372.5681
-314.35666 -24.59345
73.08432 -89.10441
-127.72984 133.39862
-93.33602 -146.16628
135.29272 329.9373
-251.69023 -21.630415
181.71252 -36.77314
344.99234 98.24301
-186.60709 -136.89163
347.12854 10.272697
-117.23099 208.5887
-109.0095 -61.746998
36.305107 10.832405
-118.758255 13.358619
387.41733 -71.52197
-71.611565 321.01108
-115.44949 -253.18529
-6.894581 -156.0577
59.86601 250.84096
60.97622 -237.18753
299.89044 67.955635
-215.22716 -163.65002
247.03947 -122.645
-174.52504 273.47855
-123.63893 -184.02269
226.12862 171.48146
-283.04715 -15.247265
42.248802 -286.54514
14.328975 206.81691
-194.81366 -231.70927
331.86368 69.062775
-24.59563 225.13863
-76.11495 -475.88702
261.53064 93.70501
-140.53716 -56.285152
168.05486 -103.29775
77.89777 418.2496
-361.5242 -88.788765
374.9077 86.884224
-194.53691 62.285065
99.39448 -145.03911
119.00083 208.61212
-172.13574 -398.9684
144.85167 -76.437004
-13.227797 190.54965
-14.149801 -283.47525
279.92697 -26.225372
-180.0505 97.96157
209.96036 -204.99426
151.7773 42.495247
-185.384 -342.39053
173.71594 -256.0653
53.18829 438.5829
103.086044 -342.76718
204.34766 194.9126
-385.87692 40.982483
-18.088251 -385.87473
-27.985062 389.18777
-382.79312 -169.35605
125.53579 -163.47183
-193.46251 234.04515
-7.189323 -232.5096
-29.09965 328.62814
-157.03188 -223.35701
295.21045 -145.9923
-197.46907 137.01456
-155.45876 -269.5155
259.97537 159.96815
-317.52917 11.274564
252.0947 -272.864
174.21906 205.65349
74.27303 -328.84558
141.23247 12.276033
-153.07063 213.21997
13.2271595 -300.0135
261.92212 30.904482
-315.28372 -212.92966
152.66696 -180.43538
106.99448 178.9548
-313.81912 -244.89613
257.35754 -169.56099
-325.8726 225.07625
-158.6639 -82.636536
-44.39657 294.0371
-212.09845 -195.4967
293.39978 36.627937
-162.939 243.6535
-87.27901 -337.52686
304.75394 138.33739
