NODES 135
EDGES 399
0 1
0 2
0 3
1 2
1 3
2 3
4 0
4 1
4 2
5 0
5 1
5 3
6 1
6 2
6 5
7 1
7 3
7 6
8 3
8 5
8 7
9 5
9 6
9 7
10 1
10 3
10 7
11 8
11 5
11 7
12 8
12 1
12 3
13 5
13 6
13 7
14 3
14 1
14 11
15 3
15 4
15 6
16 3
16 5
16 14
17 11
17 6
17 7
18 8
18 1
18 5
19 12
19 6
19 15
20 8
20 2
20 11
21 8
21 1
21 19
22 1
22 10
22 19
23 10
23 19
23 15
24 0
24 1
24 22
25 8
25 11
25 14
26 1
26 3
26 4
27 11
27 3
27 7
28 9
28 3
28 7
29 26
29 28
29 7
30 0
30 25
30 8
31 17
31 11
31 23
32 1
32 10
32 19
33 20
33 21
33 31
34 17
34 18
34 23
35 17
35 5
35 6
36 2
36 19
36 4
37 1
37 26
37 19
38 26
38 11
38 28
39 0
39 6
39 31
40 3
40 13
40 15
41 19
41 21
41 6
42 5
42 11
42 13
43 24
43 1
43 19
44 32
44 28
44 7
45 25
45 4
45 14
46 8
46 26
46 3
47 33
47 3
47 4
48 25
48 12
48 7
49 2
49 5
49 7
50 8
50 1
50 3
51 1
51 3
51 7
52 8
52 1
52 7
53 41
53 12
53 4
54 26
54 20
54 53
55 1
55 19
55 25
56 11
56 6
56 15
57 0
57 5
57 46
58 9
58 26
58 1
59 3
59 53
59 6
60 42
60 5
60 31
61 40
61 1
61 22
62 32
62 1
62 7
63 3
63 27
63 28
64 32
64 9
64 3
65 1
65 26
65 6
66 1
66 5
66 6
67 5
67 51
67 13
68 1
68 13
68 46
69 8
69 3
69 7
70 1
70 28
70 55
71 25
71 4
71 69
72 8
72 3
72 31
73 11
73 5
73 7
74 4
74 62
74 7
75 66
75 59
75 6
76 28
76 5
76 70
77 3
77 28
77 5
78 3
78 43
78 19
79 35
79 11
79 5
80 1
80 13
80 78
81 80
81 26
81 22
82 64
82 59
82 15
83 20
83 61
83 23
84 49
84 9
84 7
85 64
85 22
85 7
86 48
86 4
86 71
87 8
87 12
87 14
88 18
88 6
88 87
89 5
89 78
89 39
90 1
90 19
90 5
91 17
91 50
91 12
92 36
92 61
92 7
93 69
93 13
93 78
94 1
94 11
94 31
95 1
95 28
95 4
96 0
96 85
96 5
97 41
97 60
97 37
98 48
98 74
98 78
99 11
99 37
99 63
100 10
100 60
100 20
101 89
101 21
101 5
102 1
102 68
102 31
103 1
103 26
103 4
104 73
104 74
104 3
105 19
105 14
105 7
106 75
106 3
106 86
107 81
107 28
107 7
108 97
108 67
108 3
109 1
109 3
109 62
110 58
110 13
110 39
111 3
111 11
111 14
112 8
112 19
112 84
113 8
113 1
113 23
114 18
114 109
114 111
115 12
115 78
115 15
116 1
116 91
116 7
117 74
117 75
117 90
118 1
118 26
118 100
119 28
119 14
119 7
120 66
120 4
120 47
121 1
121 18
121 4
122 65
122 11
122 1
123 82
123 3
123 60
124 26
124 4
124 7
125 1
125 98
125 77
126 5
126 69
126 31
127 1
127 95
127 7
128 8
128 19
128 5
129 19
129 100
129 30
130 3
130 4
130 69
131 25
131 11
131 92
132 24
132 82
132 6
133 26
133 52
133 60
134 48
134 92
134 101
POSITIONS
19.082714 -39.417385
7.0186005 22.711262
-50.629383 -86.86969
-25.915741 33.485596
-72.82029 18.069792
66.09476 -31.66843
-32.919575 64.704956
-63.314262 -18.2977
38.92308 20.153582
-59.754498 47.273773
54.415142 62.066036
82.84794 76.761955
-100.72166 2.419133
111.88995 54.377865
-23.578587 181.35292
-43.051903 6.4591675
66.47075 154.21112
5.195898 -68.23663
-19.177086 -92.686226
25.188276 49.055424
-25.303717 -58.5898
125.489 -33.889717
-35.495316 98.39482
69.81759 -134.5856
-48.26636 160.99301
27.528894 153.1981
67.87283 -63.612686
54.6453 116.56888
19.160503 -96.97997
143.42108 -68.258286
-155.46678 107.3761
177.99574 -120.10522
-68.569336 101.73613
59.49994 -230.57068
135.38596 -179.13809
-92.739845 43.099697
41.05655 -11.75993
200.62202 27.041883
-22.517544 -140.8394
200.2949 -38.112663
10.780048 207.31386
81.35327 44.798923
244.73157 43.953506
-126.497475 21.350283
-13.625246 -185.8435
-0.86552525 262.96506
38.74766 -142.22868
47.66836 -111.498764
-101.4001 138.61069
-45.59111 -184.41832
115.384254 13.956286
-153.66489 4.0104003
100.41936 -125.23965
-131.90758 129.02074
-132.54831 -129.54646
111.526405 -62.682873
-115.985275 167.089
50.684883 -261.71658
157.80283 41.709484
-221.40187 104.04843
289.53818 -15.762282
-49.43017 203.75867
-160.17223 -47.534687
165.75124 -4.514241
-221.37726 141.9252
3.8161464 -159.02547
5.8036675 74.50113
-32.65303 -27.455635
214.37589 -9.38002
-84.46191 73.97764
101.51859 -209.47713
33.370293 184.65451
-60.9684 -56.596424
78.26139 -102.142395
-244.27417 -34.533367
-234.54712 -65.02122
189.61533 -201.58461
-103.34841 -106.44942
-70.07252 -142.90437
99.79097 173.6288
10.237993 -127.69835
136.76688 -211.10828
-172.38553 221.00461
-122.62437 -166.98659
96.23241 -20.921358
-263.27002 28.495842
-12.393276 -2.684043
-115.329865 199.07796
-208.88925 14.506805
206.39226 -134.85776
-114.20442 -43.379776
-102.067406 -142.46446
102.25518 223.51659
-159.24887 -80.3899
216.2159 -65.8686
-117.52351 67.171455
-154.6386 -152.69855
298.25378 110.982864
-295.42886 -27.367725
275.94904 -91.69987
179.27336 156.42703
83.40245 12.882803
282.86502 -60.45617
-64.55514 133.45532
-126.85577 -198.70232
95.990204 141.85608
-267.0633 -57.002552
81.65696 -253.66106
81.043144 199.55797
-189.62895 -99.10789
315.52383 40.50684
-158.60095 146.6673
138.22113 -106.63096
140.52641 68.64485
-292.95193 -87.69784
-16.56899 -219.11661
-149.39008 75.65495
-340.51382 -141.69392
205.31245 98.79571
-178.79485 31.006527
79.13824 -166.36742
-14.010871 125.131966
-71.67452 -110.95325
142.95749 143.51077
-149.41283 43.666206
-228.05075 -149.08032
186.54364 55.778606
-208.08397 55.045143
176.12794 -61.011322
-31.879854 270.84613
-187.6674 -14.691568
188.91626 236.17789
-193.0428 256.81686
258.47632 -194.08578
32.771214 297.9977
