NODES 105
EDGES 207
0 1
0 2
1 2
3 1
3 2
4 1
4 2
5 1
5 4
6 4
6 5
7 2
7 6
8 4
8 5
9 4
9 5
10 9
10 5
11 8
11 6
12 1
12 11
13 8
13 4
14 4
14 5
15 2
15 4
16 8
16 11
17 8
17 2
18 9
18 15
19 11
19 4
20 1
20 11
21 10
21 4
22 3
22 13
23 1
23 3
24 4
24 6
25 2
25 10
26 0
26 11
27 9
27 11
28 11
28 22
29 11
29 14
30 2
30 4
31 1
31 5
32 1
32 29
33 11
33 13
34 4
34 5
35 2
35 11
36 9
36 4
37 0
37 5
38 19
38 27
39 3
39 4
40 0
40 4
41 4
41 5
42 4
42 39
43 11
43 30
44 32
44 21
45 0
45 4
46 1
46 10
47 24
47 10
48 8
48 44
49 17
49 2
50 42
50 36
51 10
51 14
52 1
52 21
53 33
53 6
54 48
54 40
55 1
55 3
56 45
56 7
57 40
57 48
58 19
58 31
59 11
59 28
60 27
60 13
61 18
61 31
62 57
62 4
63 1
63 2
64 0
64 2
65 50
65 11
66 42
66 43
67 13
67 15
68 25
68 4
69 38
69 23
70 10
70 45
71 32
71 57
72 48
72 43
73 3
73 4
74 30
74 63
75 8
75 36
76 11
76 63
77 16
77 11
78 25
78 11
79 10
79 5
80 2
80 63
81 57
81 69
82 49
82 2
83 48
83 10
84 1
84 11
85 19
85 28
86 4
86 6
87 11
87 63
88 72
88 30
89 88
89 4
90 32
90 8
91 50
91 11
92 41
92 1
93 3
93 11
94 65
94 2
95 80
95 38
96 11
96 43
97 2
97 68
98 44
98 93
99 21
99 14
100 2
100 51
101 97
101 59
102 9
102 36
103 12
103 69
104 9
104 2
POSITIONS
98.20583 32.710674
65.677475 42.100964
-23.6042 -66.04378
67.48437 -10.24086
63.61802 -44.67669
118.87686 -12.318907
6.589891 42.87937
-153.6361 -35.575924
35.743282 56.074413
20.04618 -75.724304
18.199305 -142.47575
-31.903843 127.34485
-133.42932 125.831215
47.237244 -92.60733
33.85351 6.7838554
2.8660345 -218.08751
34.379417 248.30003
-103.35853 -103.64527
65.07273 -163.1279
-101.98802 119.894394
-61.028103 -14.32189
126.281296 -115.59324
-65.3266 44.345512
-50.542316 15.964937
165.61684 32.9269
-29.113297 -216.93759
164.74268 125.52609
-89.28253 149.26138
-232.30504 55.284687
55.70686 177.60042
-158.74641 -3.6595964
197.4307 36.326756
89.89741 201.13089
-90.870346 25.06871
254.16202 -29.981937
-134.44406 157.8148
115.86508 -204.98506
221.65599 98.7811
-253.44688 218.4444
210.83832 -35.385258
-16.333385 5.918249
19.022305 -107.713844
225.0176 52.539204
-221.53934 126.070786
-28.689608 -23.59994
12.53047 78.10413
-96.32104 -136.45357
280.69656 -101.72175
-143.20474 -91.38318
-156.36278 -185.25343
267.42795 -130.84122
-129.69626 24.247828
205.96732 -157.46437
-82.059105 204.41174
-245.24544 -76.00911
242.41736 25.683378
-195.93471 167.1575
32.643864 -171.03018
128.1228 181.43216
-262.7552 1.1266234
90.63472 -123.53097
85.407906 84.16758
16.847483 -274.60345
101.87855 111.60215
-97.860634 -30.137564
162.96858 -111.42851
3.0652046 254.88943
-81.25182 -302.36777
192.7303 -99.68025
-167.51096 202.21367
37.680637 -229.88936
252.66878 90.89397
-327.17502 -38.115604
221.2318 -114.217186
-35.5911 207.8978
-43.411938 -163.7836
185.05786 199.08624
-68.317215 310.79367
-18.212738 -144.06055
144.21843 56.718437
-101.82966 87.89863
92.68586 -58.04998
-128.91612 -15.253781
-135.30255 -245.0383
129.7238 213.39207
-328.3336 69.324646
96.71401 -167.83926
100.8542 263.65146
-253.06186 -143.71503
121.129715 -147.1643
17.072508 295.51486
96.24118 -89.845505
121.454094 136.91414
-157.4562 90.63124
157.07515 -253.39362
-301.81165 244.17116
-213.07315 29.708633
123.96939 -51.36183
-276.1183 62.45678
133.68567 -231.55843
-63.98232 128.92256
-193.29865 -152.49808
203.34047 -237.28506
-245.57439 282.1657
-52.946735 -238.33997
