NODES 60
EDGES 174
0 1
0 2
0 3
1 2
1 3
2 3
4 0
4 1
4 3
5 0
5 1
5 4
6 1
6 3
6 5
7 1
7 2
7 4
8 0
8 1
8 4
9 0
9 1
9 6
10 8
10 5
10 6
11 10
11 5
11 6
12 0
12 4
12 5
13 8
13 9
13 5
14 11
14 3
14 7
15 3
15 10
15 11
16 0
16 14
16 7
17 8
17 3
17 6
18 9
18 13
18 7
19 8
19 0
19 13
20 10
20 12
20 5
21 1
21 11
21 14
22 12
22 4
22 20
23 13
23 5
23 6
24 0
24 1
24 3
25 5
25 13
25 7
26 24
26 8
26 5
27 24
27 18
27 6
28 8
28 18
28 6
29 9
29 5
29 6
30 10
30 20
30 7
31 19
31 12
31 21
32 8
32 13
32 31
33 0
33 1
33 28
34 21
34 13
34 7
35 9
35 10
35 7
36 9
36 29
36 1
37 16
37 22
37 7
38 11
38 12
38 5
39 32
39 1
39 5
40 16
40 10
40 3
41 8
41 12
41 5
42 8
42 5
42 21
43 8
43 13
43 39
44 40
44 30
44 23
45 8
45 4
45 5
46 0
46 30
46 7
47 41
47 43
47 9
48 9
48 31
48 7
49 9
49 35
49 43
50 16
50 49
50 1
51 10
51 5
51 37
52 1
52 47
52 39
53 1
53 2
53 21
54 10
54 6
54 7
55 40
55 43
55 21
56 32
56 41
56 5
57 40
57 19
57 44
58 24
58 41
58 38
59 46
59 57
59 30
POSITIONS
-13.833461 1.4273115
-11.821832 16.699728
-32.106163 24.498209
-30.497494 4.9274282
-24.943687 -17.281889
-2.9432864 -24.659267
1.149001 0.72748333
-7.39021 30.242138
10.945592 -21.039907
18.154829 32.225193
-7.9936676 -5.279553
-32.838734 -8.5118
-20.670063 -36.838562
29.352518 1.4160702
-39.189247 25.25551
-43.84959 -5.399277
-25.093468 37.785934
-15.271337 -13.054444
22.211834 15.424217
28.418167 -10.417943
-11.3531685 -33.285812
-21.961077 25.337378
-39.599197 -27.795265
34.344513 -15.043841
-18.526371 -24.279943
11.645683 5.4286118
-1.3264549 -42.103638
11.274285 -11.095024
16.773657 -3.21591
9.012135 15.530978
35.166058 -1.811374
10.164784 -4.03135
30.353117 -23.806128
-2.7874987 8.524354
-0.8044282 36.525887
5.7725906 45.512722
6.357707 33.50835
-44.040363 11.828866
-27.865705 -45.428467
23.323488 5.760567
14.230642 21.823076
10.777791 -41.869633
-9.195517 -13.870352
35.984303 26.844852
49.61102 -0.6419467
-7.6638427 -39.906918
31.665192 14.0147505
39.730324 15.695738
10.646968 36.03082
17.26194 55.140778
-10.595063 53.3247
-37.40035 -6.599485
28.914562 22.767612
-35.93105 35.27218
-2.4433467 15.527421
16.817215 42.57141
21.71043 -44.72739
52.662926 6.3559976
-15.588197 -54.31737
58.435535 7.5305257
