NODES 90
EDGES 350
0 1
0 2
0 3
0 4
1 2
1 3
1 4
2 3
2 4
3 4
5 0
5 2
5 3
5 4
6 0
6 1
6 2
6 5
7 0
7 1
7 2
7 6
8 0
8 1
8 2
8 3
9 0
9 1
9 3
9 6
10 0
10 8
10 2
10 4
11 0
11 9
11 5
11 1
12 0
12 9
12 5
12 6
13 8
13 1
13 11
13 0
14 1
14 11
14 5
14 7
15 0
15 1
15 14
15 7
16 1
16 3
16 13
16 7
17 0
17 9
17 11
17 7
18 0
18 1
18 2
18 15
19 16
19 10
19 2
19 3
20 0
20 1
20 2
20 14
21 0
21 1
21 2
21 19
22 0
22 17
22 6
22 14
23 8
23 19
23 12
23 22
24 18
24 3
24 20
24 6
25 2
25 18
25 21
25 14
26 11
26 3
26 21
26 6
27 8
27 17
27 5
27 14
28 8
28 0
28 4
28 1
29 0
29 1
29 4
29 7
30 17
30 12
30 29
30 15
31 0
31 17
31 3
31 15
32 1
32 3
32 5
32 7
33 0
33 25
33 18
33 31
34 0
34 33
34 2
34 17
35 25
35 19
35 21
35 14
36 0
36 1
36 4
36 5
37 16
37 1
37 21
37 23
38 9
38 28
38 5
38 22
39 0
39 9
39 30
39 31
40 0
40 1
40 2
40 4
41 1
41 5
41 10
41 21
42 24
42 0
42 2
42 6
43 18
43 13
43 22
43 7
44 0
44 17
44 2
44 14
45 1
45 2
45 3
45 14
46 25
46 18
46 43
46 14
47 24
47 17
47 21
47 14
48 0
48 24
48 43
48 25
49 25
49 3
49 28
49 4
50 0
50 1
50 8
50 46
51 48
51 26
51 13
51 7
52 32
52 18
52 4
52 38
53 0
53 2
53 35
53 22
54 20
54 15
54 14
54 47
55 0
55 27
55 19
55 44
56 16
56 4
56 46
56 23
57 2
57 23
57 15
57 31
58 4
58 44
58 12
58 39
59 32
59 1
59 4
59 21
60 8
60 1
60 11
60 4
61 11
61 18
61 51
61 15
62 1
62 18
62 2
62 61
63 1
63 11
63 46
63 47
64 0
64 12
64 5
64 47
65 17
65 18
65 52
65 1
66 0
66 41
66 11
66 6
67 41
67 10
67 12
67 38
68 17
68 50
68 61
68 49
69 65
69 3
69 52
69 25
70 24
70 1
70 52
70 46
71 27
71 51
71 47
71 7
72 0
72 49
72 3
72 14
73 49
73 11
73 37
73 38
74 56
74 4
74 5
74 15
75 18
75 2
75 4
75 28
76 8
76 73
76 2
76 5
77 5
77 20
77 55
77 47
78 18
78 12
78 52
78 23
79 73
79 20
79 5
79 23
80 54
80 2
80 19
80 22
81 72
81 49
81 51
81 4
82 26
82 21
82 14
82 39
83 73
83 52
83 5
83 39
84 25
84 11
84 36
84 45
85 17
85 43
85 52
85 14
86 64
86 0
86 73
86 23
87 24
87 15
87 14
87 55
88 51
88 20
88 30
88 15
89 56
89 18
89 27
89 38
POSITIONS
-11.666508 -14.963671
-6.2630444 20.617218
-26.549065 0.9536257
-21.077106 26.38552
-40.298923 3.0492265
-30.05921 -23.288074
-17.8829 -29.370472
29.09566 -0.242739
-32.014687 21.18542
-0.9411734 -37.17134
-62.32809 -7.660679
4.0056243 26.655256
-10.983533 -57.084743
16.989567 38.55074
23.18389 17.745237
44.484962 -29.953075
-5.0551777 44.022205
37.634 -19.999306
45.038532 10.60723
-43.952526 23.149008
15.046012 -6.135215
-28.772144 39.345665
9.197482 -12.1702585
-0.020815613 -5.3459897
22.501543 -0.27341014
13.887006 54.170883
2.408074 39.698574
25.45612 -23.340271
-38.72108 14.888661
6.4757404 -21.6476
37.480457 -55.090252
26.833565 -42.005753
-4.652366 9.394519
30.308338 -12.719397
16.344858 -26.99909
-28.27312 53.162186
-52.623352 9.017665
-16.849007 47.08388
-2.863727 -26.796019
12.802705 -55.913734
-47.5304 -6.8458066
-59.8555 -16.543179
-26.20426 -34.60722
60.750927 23.647402
-8.201277 -44.847103
-24.807417 46.717087
47.96992 47.366062
33.68227 7.6539693
41.77088 32.684017
-14.6593075 61.37337
14.052053 45.82597
50.85876 37.662746
48.65271 -2.5494494
-41.934216 11.56195
38.566902 -4.107957
-0.9849715 -46.882015
18.399614 9.178322
18.607285 -42.995182
-22.013855 -62.618313
-45.70435 35.328903
-40.055626 34.152832
57.445427 32.735756
29.981836 31.142345
30.482254 46.650063
-13.802889 -39.427845
56.96508 13.859665
-44.612648 -23.520397
-51.339783 -43.887253
36.47387 53.22085
37.716164 40.868137
47.748596 25.615211
60.94546 4.589368
-6.1608896 55.426064
-15.141755 26.553484
6.0318804 -30.232576
-35.840733 -5.126633
-55.67135 13.823048
1.8050344 -33.671017
44.423378 -24.440203
-10.02178 -0.40981436
-13.503777 4.524976
-1.8857003 66.105705
10.808392 21.413126
13.6609125 -34.336292
-33.398315 56.96182
69.448715 2.922142
-11.117338 -6.6143694
35.20931 -34.99125
61.647938 -23.34033
50.07289 -21.56407
