NODES 105
EDGES 309
0 1
0 2
0 3
1 2
1 3
2 3
4 0
4 2
4 3
5 2
5 3
5 4
6 0
6 2
6 4
7 0
7 3
7 5
8 0
8 2
8 5
9 1
9 2
9 3
10 2
10 3
10 6
11 1
11 2
11 7
12 0
12 1
12 6
13 2
13 12
13 7
14 1
14 10
14 4
15 1
15 2
15 14
16 2
16 3
16 4
17 0
17 3
17 5
18 0
18 1
18 13
19 16
19 2
19 14
20 1
20 11
20 4
21 17
21 18
21 15
22 9
22 2
22 4
23 3
23 11
23 4
24 2
24 4
24 5
25 17
25 3
25 13
26 3
26 4
26 5
27 17
27 14
27 23
28 9
28 2
28 11
29 27
29 3
29 19
30 0
30 3
30 7
31 2
31 5
31 30
32 26
32 2
32 15
33 20
33 5
33 31
34 3
34 27
34 4
35 0
35 2
35 7
36 0
36 33
36 4
37 0
37 16
37 7
38 24
38 2
38 3
39 3
39 13
39 30
40 3
40 21
40 7
41 2
41 18
41 5
42 32
42 1
42 4
43 2
43 10
43 38
44 16
44 5
44 30
45 1
45 2
45 36
46 19
46 4
46 7
47 0
47 5
47 6
48 18
48 6
48 15
49 4
49 14
49 31
50 18
50 20
50 34
51 0
51 17
51 41
52 0
52 2
52 44
53 0
53 4
53 6
54 2
54 45
54 30
55 2
55 51
55 31
56 24
56 20
56 13
57 35
57 3
57 1
58 1
58 2
58 3
59 1
59 18
59 20
60 19
60 37
60 55
61 24
61 34
61 11
62 2
62 34
62 5
63 28
63 30
63 7
64 2
64 13
64 6
65 48
65 51
65 4
66 19
66 61
66 22
67 9
67 4
67 5
68 17
68 35
68 61
69 0
69 43
69 62
70 27
70 14
70 7
71 2
71 3
71 21
72 1
72 19
72 20
73 26
73 20
73 14
74 59
74 30
74 14
75 43
75 30
75 63
76 65
76 9
76 19
77 48
77 10
77 74
78 2
78 54
78 15
79 19
79 39
79 63
80 8
80 51
80 3
81 1
81 61
81 54
82 20
82 21
82 7
83 51
83 53
83 15
84 57
84 4
84 1
85 48
85 56
85 27
86 2
86 19
86 61
87 57
87 2
87 67
88 41
88 34
88 35
89 0
89 45
89 7
90 1
90 3
90 20
91 52
91 6
91 60
92 8
92 10
92 5
93 25
93 18
93 87
94 58
94 13
94 63
95 16
95 2
95 68
96 57
96 78
96 30
97 81
97 42
97 7
98 33
98 4
98 53
99 76
99 4
99 52
100 2
100 60
100 15
101 2
101 53
101 38
102 32
102 34
102 13
103 57
103 34
103 4
104 17
104 10
104 33
POSITIONS
30.133419 -42.832684
-22.716131 32.738323
19.284668 25.475195
9.378272 55.89265
-19.508974 -1.6953187
37.389797 -73.99909
-26.12926 64.55509
76.71271 0.86669445
47.012012 56.83834
-80.176155 19.352247
-76.337494 -12.415006
7.676578 104.45186
-38.839153 -118.69836
79.01997 -83.48414
-69.10117 75.78952
-36.888405 -28.5799
64.18083 105.23803
-61.56753 -48.949993
-21.828203 -91.600746
64.858475 166.28331
-125.2021 -2.5516074
76.36931 42.735497
-63.55013 174.10027
17.25901 -6.4588404
-10.787932 130.5872
-84.17074 -132.3564
125.31918 -29.842058
-93.88763 110.225914
-16.031841 -60.140717
88.9605 201.21259
-53.797726 -90.3946
23.37179 -194.88431
182.02225 82.80569
-120.35026 -191.5972
51.179516 23.02773
-47.918118 13.022635
20.621824 -161.83728
206.03447 48.12438
-110.72185 75.44274
144.37663 -61.739964
36.95975 181.9474
-56.39256 -154.0791
144.53265 25.138866
-184.94475 -5.2168922
87.03466 -167.33678
74.092674 74.64623
-89.703156 51.303314
148.06027 -96.039536
-178.36858 26.622175
-67.876434 -183.94748
74.23821 -42.72541
-115.78775 -137.29239
144.40979 -153.74147
-146.36948 26.861698
-4.2528048 -141.70158
111.8839 -140.7313
-169.71567 90.53508
-4.8944335 -30.155876
107.01699 139.66908
-217.73566 12.328057
244.40482 -20.48129
115.09233 219.76805
23.378033 -125.57302
112.80395 -79.291954
-58.76018 43.12957
9.76252 -96.61906
32.946743 319.65295
-138.24452 -63.720505
74.70137 135.83746
-142.57483 58.89635
-99.30989 -53.86744
146.39503 144.8978
-155.14935 144.94629
49.607594 -107.256874
-219.68616 103.767204
-149.08066 -158.6559
174.5163 13.954384
-255.40195 146.58931
-9.960333 -212.38536
223.99951 121.51011
-151.23215 -22.387634
155.11427 -11.493354
-33.227337 155.47647
-219.30775 -140.91237
108.29143 44.786346
-285.39835 135.44408
152.21143 94.395386
-135.29239 95.94366
-157.99231 -110.80175
199.75932 -20.344357
-123.15661 145.62753
185.12723 -176.57295
156.6647 54.74995
-228.83554 -93.53243
267.4052 -42.72705
72.90883 232.06447
-84.03409 -260.85016
284.53513 33.51604
-242.15439 -51.073925
202.9058 -147.67271
129.57942 117.00077
-213.62712 -19.40745
249.37065 11.130932
-41.978867 123.439545
-110.9 -231.55841
