NODES 180
EDGES 534
0 1
0 2
0 3
1 2
1 3
2 3
4 0
4 1
4 3
5 0
5 2
5 3
6 0
6 4
6 5
7 0
7 1
7 4
8 1
8 2
8 4
9 1
9 4
9 6
10 0
10 1
10 6
11 9
11 10
11 5
12 1
12 10
12 3
13 12
13 5
13 7
14 0
14 10
14 4
15 8
15 1
15 2
16 1
16 4
16 13
17 0
17 2
17 6
18 0
18 1
18 6
19 0
19 11
19 12
20 10
20 5
20 6
21 19
21 12
21 7
22 0
22 20
22 12
23 16
23 1
23 5
24 8
24 9
24 11
25 10
25 11
25 12
26 10
26 2
26 11
27 0
27 1
27 15
28 16
28 19
28 4
29 8
29 16
29 10
30 8
30 10
30 21
31 10
31 19
31 12
32 10
32 5
32 7
33 1
33 2
33 12
34 10
34 19
34 5
35 11
35 12
35 20
36 8
36 4
36 30
37 0
37 1
37 16
38 2
38 21
38 30
39 17
39 2
39 11
40 0
40 25
40 10
41 1
41 28
41 6
42 16
42 30
42 7
43 10
43 23
43 39
44 10
44 21
44 15
45 8
45 1
45 15
46 40
46 9
46 4
47 8
47 35
47 43
48 8
48 36
48 4
49 8
49 20
49 30
50 10
50 12
50 46
51 4
51 46
51 30
52 10
52 26
52 20
53 41
53 35
53 5
54 9
54 36
54 22
55 0
55 13
55 15
56 0
56 43
56 55
57 8
57 3
57 36
58 1
58 4
58 30
59 1
59 28
59 20
60 8
60 12
60 30
61 24
61 10
61 5
62 32
62 10
62 12
63 3
63 19
63 12
64 18
64 51
64 30
65 8
65 4
65 45
66 1
66 5
66 33
67 8
67 35
67 7
68 0
68 1
68 12
69 8
69 36
69 5
70 0
70 25
70 36
71 65
71 44
71 46
72 46
72 2
72 6
73 35
73 5
73 30
74 35
74 19
74 23
75 0
75 25
75 6
76 1
76 21
76 33
77 8
77 26
77 4
78 51
78 11
78 33
79 21
79 14
79 15
80 3
80 4
80 29
81 10
81 12
81 21
82 8
82 1
82 20
83 25
83 11
83 30
84 16
84 83
84 30
85 33
85 15
85 47
86 41
86 10
86 77
87 1
87 19
87 62
88 0
88 3
88 4
89 16
89 86
89 55
90 40
90 71
90 15
91 0
91 36
91 22
92 16
92 83
92 12
93 4
93 52
93 21
94 43
94 36
94 79
95 32
95 46
95 79
96 66
96 3
96 15
97 33
97 74
97 82
98 20
98 94
98 30
99 0
99 20
99 44
100 33
100 35
100 36
101 48
101 45
101 30
102 24
102 0
102 1
103 11
103 53
103 86
104 42
104 28
104 84
105 0
105 57
105 74
106 104
106 98
106 42
107 52
107 4
107 7
108 73
108 2
108 45
109 8
109 0
109 68
110 49
110 12
110 1
111 82
111 5
111 7
112 1
112 10
112 45
113 26
113 44
113 6
114 36
114 37
114 23
115 0
115 8
115 19
116 40
116 93
116 21
117 0
117 34
117 20
118 8
118 73
118 59
119 1
119 11
119 46
120 90
120 4
120 94
121 4
121 85
121 46
122 19
122 36
122 6
123 36
123 70
123 30
124 96
124 12
124 85
125 1
125 121
125 49
126 8
126 1
126 46
127 11
127 5
127 110
128 113
128 10
128 12
129 72
129 2
129 43
130 1
130 10
130 78
131 1
131 35
131 5
132 97
132 67
132 61
133 0
133 1
133 68
134 53
134 124
134 21
135 12
135 61
135 39
136 43
136 108
136 13
137 43
137 131
137 9
138 112
138 93
138 119
139 0
139 85
139 118
140 96
140 89
140 6
141 112
141 12
141 46
142 97
142 25
142 33
143 82
143 83
143 119
144 16
144 40
144 4
145 108
145 68
145 77
146 132
146 66
146 36
147 132
147 85
147 94
148 2
148 21
148 6
149 89
149 20
149 5
150 120
150 112
150 30
151 16
151 66
151 23
152 8
152 2
152 141
153 135
153 30
153 15
154 144
154 10
154 20
155 146
155 10
155 110
156 108
156 28
156 117
157 12
157 149
157 143
158 19
158 12
158 68
159 40
159 26
159 44
160 77
160 116
160 69
161 35
161 46
161 6
162 20
162 5
162 102
163 58
163 43
163 15
164 44
164 6
164 47
165 120
165 26
165 38
166 73
166 49
166 27
167 0
167 8
167 164
168 1
168 12
168 22
169 48
169 10
169 5
170 116
170 20
170 46
171 0
171 16
171 140
172 34
172 91
172 108
173 8
173 0
173 163
174 112
174 9
174 121
175 0
175 40
175 71
176 12
176 142
176 39
177 0
177 102
177 6
178 35
178 10
178 2
179 56
179 9
179 7
POSITIONS
26.004665 -80.88159
-6.34334 -11.622583
53.738297 9.184044
81.46644 25.145592
-35.96482 28.589443
51.227978 -22.708214
-126.638626 -94.38043
-57.260883 -28.339548
81.43182 -6.8560452
-179.08391 80.00893
29.395548 -112.69511
-63.011177 45.691093
16.183786 -35.37946
208.1729 -8.868297
5.679269 50.814285
-3.9908864 81.3049
122.53336 10.504259
-75.9586 -60.96716
-80.35599 -138.5448
27.368595 27.288113
-15.155179 -163.3417
53.104687 46.24961
-118.31831 -63.478638
-37.260933 -3.380886
85.57486 144.25345
-95.71504 -86.13733
144.90515 -65.505615
-101.7882 111.00675
-71.90007 -170.67615
176.9738 -15.990813
-89.06263 -31.786211
88.31441 -161.94357
31.430748 69.77919
-61.551064 113.15938
36.056034 -218.87553
30.22768 131.83138
-19.417412 -108.76074
121.44277 101.9161
-25.974539 104.574936
-26.356497 -36.574986
-3.8469627 20.261145
-38.644333 -68.96266
-53.721497 -120.84478
5.1622515 111.968994
148.13031 -137.72849
73.47765 70.90251
-133.48393 121.80193
-64.30543 13.710917
-134.63817 31.736515
19.18199 -159.88458
137.26651 74.08686
-256.5787 8.425094
35.555916 -253.87672
16.136642 237.87936
-271.0395 -99.74421
201.12822 61.927635
-86.265594 138.96788
171.11159 -102.3262
-15.631993 181.8261
-104.040695 -117.02323
130.60269 -107.635635
-90.41949 81.09182
-62.682957 -90.08752
183.92247 138.68861
-317.58417 14.777576
102.44112 -50.21863
24.859997 -4.5893335
-126.42504 90.58639
111.74884 -19.61375
62.994102 121.56669
3.1424224 -263.18933
164.97345 41.78383
-219.15936 96.276115
105.295105 74.28271
53.211708 263.41467
-154.0444 -222.89967
165.5294 112.50285
0.51744276 143.64339
-196.17357 -138.35587
115.23263 235.94319
-103.7513 -3.3708217
196.65761 -121.59964
-110.33027 54.08678
-45.99223 -151.89821
115.61792 -79.36006
-125.05712 215.86694
89.09572 -97.25774
53.812378 184.44806
-108.98421 -152.8287
272.76477 -56.514225
26.527739 167.73302
-27.979683 -255.76309
171.16982 73.177895
-143.24432 -37.488346
108.350746 42.474957
-42.854095 325.15543
-154.29901 6.492536
-93.96367 326.82364
-193.46176 -89.07621
114.61033 -287.83774
-62.003162 196.87375
-219.39668 -49.393707
192.64731 -78.657005
-30.851254 244.50476
-123.82467 -294.76688
237.93982 131.9992
-291.3452 -215.82083
65.29327 -205.86845
38.53734 100.95966
116.03991 -183.4557
142.3189 -31.10584
-164.62453 129.15215
-0.036045104 -134.2237
256.99936 -93.01154
-139.6708 -123.687416
221.91138 -48.069798
-18.677061 213.6773
-46.135265 -303.63376
232.88536 100.40129
-232.11751 -20.029259
188.58723 -45.80931
-252.4589 140.34341
-219.18997 -116.12424
86.14873 -234.52243
-188.15193 217.34799
-155.65114 -157.13129
93.03118 175.3692
-93.44705 26.914772
243.67885 -154.46788
-127.839516 247.74101
-107.94405 -235.29372
76.83857 206.65395
-160.75555 253.30634
144.86389 -169.55914
-14.47261 339.9369
-251.18848 -45.728745
268.47763 141.5601
-131.14732 304.3305
-247.9396 -213.51945
151.29362 215.58487
-183.53595 48.32336
95.75957 -128.54192
-114.6779 276.89767
-185.98587 -221.0246
222.77979 20.957664
-62.493557 249.27599
66.84917 -74.28521
18.690529 329.9239
-184.73695 16.34988
228.625 -195.57597
87.092 100.58435
4.7133703 -188.42738
286.16904 -27.460812
-274.49997 38.717525
181.3737 -236.50221
267.86316 -1.2155524
-205.78989 -195.88947
128.33295 -239.20648
-29.994827 153.22957
155.76584 -255.68175
47.807888 351.4501
-251.15157 95.573105
198.35196 -209.38724
91.85613 298.45636
-59.745804 -259.6087
327.8303 -25.853367
-190.25371 109.99357
77.17779 -265.23923
54.656467 152.47238
-166.02382 -105.537415
42.545765 -53.499023
-61.42396 159.13141
7.658986 -319.83694
201.30562 166.549
-325.5966 60.649204
226.9633 -104.04937
46.45124 227.63118
-54.62786 -225.76195
190.84421 22.958036
-267.4527 172.27698
