NODES 60
EDGES 117
0 1
0 2
1 2
3 0
3 1
4 0
4 1
5 1
5 4
6 1
6 3
7 4
7 6
8 0
8 1
9 0
9 5
10 1
10 5
11 1
11 4
12 11
12 5
13 4
13 6
14 10
14 7
15 1
15 6
16 1
16 10
17 10
17 11
18 1
18 15
19 1
19 4
20 1
20 5
21 1
21 10
22 1
22 5
23 1
23 9
24 17
24 4
25 0
25 4
26 9
26 11
27 1
27 26
28 2
28 14
29 0
29 17
30 11
30 7
31 1
31 22
32 16
32 4
33 12
33 22
34 11
34 5
35 5
35 23
36 2
36 4
37 8
37 22
38 32
38 18
39 32
39 17
40 11
40 38
41 11
41 4
42 11
42 4
43 2
43 19
44 6
44 15
45 32
45 25
46 41
46 29
47 34
47 20
48 19
48 4
49 41
49 4
50 42
50 5
51 25
51 31
52 0
52 1
53 1
53 34
54 11
54 47
55 1
55 5
56 2
56 22
57 13
57 45
58 9
58 5
59 8
59 5
POSITIONS
5.3992786 -0.83976454
13.356359 -8.851668
34.53242 -14.364142
30.068048 5.5693026
-5.9033995 21.827028
-11.209527 -28.071764
42.124172 21.422503
27.054625 24.475897
15.616235 -33.421806
-20.429792 -36.3315
17.842209 10.206994
-21.767527 8.333492
-6.2991247 -34.346737
25.817945 42.610226
42.377205 9.142108
49.298817 17.581762
17.69589 24.073975
-12.192938 38.598618
36.384796 27.058693
3.8653178 7.438339
-20.810135 -19.203568
26.61833 -0.1693327
19.402485 -41.640907
-9.065676 -43.918575
-15.678239 43.72082
4.022332 29.26428
-26.140352 -22.035126
-7.282054 -18.885485
50.901894 -5.625782
-21.74905 32.87666
6.1679587 22.230759
13.93157 -23.443932
9.346658 50.686375
10.050463 -51.161556
-31.25844 -11.783955
-14.498831 -50.315205
16.238556 5.7269974
24.60379 -49.948654
22.069653 48.683685
-3.9227684 57.051445
2.1600792 39.25615
-33.292274 30.605589
-32.16297 5.79473
26.4739 -13.65023
58.704556 23.519703
13.331308 59.209316
-37.91756 40.57524
-44.133686 -13.639066
-11.082015 16.442307
-28.778704 35.43836
-34.471676 -16.548687
0.28208163 3.6081018
21.597044 -10.210777
-14.524724 -11.062619
-45.42902 -1.9119717
2.4403093 -26.285454
36.81819 -36.170372
23.649603 62.647873
-24.911507 -44.39403
3.1549087 -43.59675
