NODES 150
EDGES 297
0 1
0 2
1 2
3 0
3 1
4 0
4 1
5 0
5 4
6 0
6 4
7 0
7 3
8 0
8 3
9 0
9 3
10 8
10 3
11 10
11 4
12 8
12 5
13 10
13 12
14 8
14 2
15 0
15 4
16 0
16 2
17 8
17 5
18 4
18 15
19 3
19 4
20 2
20 3
21 17
21 13
22 5
22 7
23 4
23 22
24 17
24 22
25 2
25 13
26 0
26 13
27 0
27 3
28 11
28 5
29 0
29 2
30 0
30 17
31 29
31 23
32 3
32 4
33 3
33 5
34 17
34 18
35 13
35 14
36 3
36 4
37 8
37 2
38 18
38 2
39 8
39 13
40 1
40 7
41 21
41 37
42 25
42 2
43 0
43 13
44 9
44 20
45 20
45 4
46 1
46 10
47 28
47 39
48 13
48 7
49 17
49 29
50 40
50 7
51 9
51 30
52 51
52 30
53 51
53 13
54 0
54 34
55 5
55 31
56 3
56 46
57 27
57 13
58 4
58 12
59 17
59 45
60 0
60 18
61 32
61 47
62 51
62 12
63 1
63 2
64 0
64 14
65 17
65 39
66 25
66 47
67 17
67 39
68 17
68 43
69 34
69 67
70 5
70 54
71 14
71 63
72 51
72 12
73 0
73 19
74 65
74 29
75 40
75 32
76 2
76 13
77 49
77 5
78 25
78 35
79 2
79 51
80 21
80 38
81 73
81 2
82 73
82 59
83 3
83 22
84 0
84 79
85 65
85 4
86 39
86 7
87 65
87 13
88 0
88 26
89 17
89 14
90 80
90 0
91 68
91 55
92 0
92 11
93 61
93 31
94 8
94 7
95 20
95 39
96 88
96 81
97 32
97 79
98 42
98 4
99 0
99 2
100 12
100 87
101 2
101 11
102 0
102 84
103 60
103 62
104 8
104 94
105 0
105 82
106 72
106 68
107 21
107 5
108 12
108 22
109 80
109 73
110 13
110 22
111 17
111 85
112 80
112 17
113 4
113 84
114 19
114 83
115 25
115 106
116 12
116 13
117 13
117 101
118 58
118 12
119 4
119 62
120 75
120 92
121 9
121 5
122 2
122 62
123 48
123 38
124 5
124 47
125 4
125 12
126 17
126 39
127 8
127 4
128 36
128 125
129 56
129 62
130 96
130 115
131 9
131 4
132 17
132 62
133 3
133 4
134 88
134 87
135 9
135 2
136 80
136 55
137 17
137 37
138 62
138 30
139 75
139 36
140 128
140 20
141 17
141 2
142 91
142 134
143 0
143 49
144 136
144 13
145 48
145 73
146 40
146 9
147 58
147 87
148 73
148 58
149 33
149 22
POSITIONS
0.99854857 -23.555088
43.577297 -23.334751
-8.625232 -46.52911
59.700333 11.051067
36.960716 -2.9117556
-22.838915 42.061535
25.235249 -19.374907
42.661255 41.97832
-7.286606 11.745417
60.74803 -35.485283
31.076052 16.647097
22.052197 22.978348
20.270004 39.63015
-20.53989 24.273441
-43.758118 -50.97851
5.210989 -36.01529
-10.360914 -56.602654
-62.969074 -6.729239
-25.320429 -44.69427
70.10656 23.642246
62.463757 -17.282513
-79.792244 15.535397
16.158834 73.84539
4.214108 62.27841
-33.361553 49.01537
-17.647707 -21.691828
-13.833893 0.34610078
24.738413 7.267332
-12.171114 58.695847
-48.74464 10.148274
-1.9487989 -75.09175
-44.904556 73.168335
61.99376 28.014248
27.337038 60.44491
-76.52378 -33.490322
-44.766914 -27.497082
95.801285 11.981909
-61.557602 -24.380445
-34.4206 -26.284573
-41.284843 39.316246
86.56972 22.002316
-91.579216 -8.989807
4.6102667 -48.675484
-34.133366 7.642772
79.440506 -37.390873
50.03846 -17.323135
71.281166 -15.638609
-25.444832 69.76618
22.895231 31.492702
-74.777435 1.1615512
79.20837 43.703373
30.93456 -68.642395
16.205093 -91.91928
11.69756 -31.504774
-55.32124 -27.69488
-66.4421 71.17533
84.72012 -30.548904
2.6614335 24.158052
42.549225 60.110405
11.808421 -19.057983
-12.52357 -74.08013
1.0710441 83.24427
28.545359 -77.570496
-2.5958285 -64.529106
-33.671795 -54.022713
-58.66936 42.7033
-21.103825 35.216434
-88.81493 6.2561507
-56.233772 20.94336
-102.096725 -18.791237
-51.92753 5.549382
-33.6204 -75.9725
18.493326 -14.653255
43.23665 3.3655572
-73.38531 34.983276
103.26759 34.952705
-24.873926 -14.197356
-65.854546 29.495607
-39.395493 -34.432236
24.981764 -67.16175
-72.22647 7.1966043
33.083515 -40.31417
33.139877 -26.687454
64.06779 59.54677
15.245796 -67.7867
-39.690956 22.891993
-0.08381279 55.15411
-23.134289 77.739395
-3.3742106 2.0723846
-69.37825 -42.131577
-45.418343 -12.066556
-75.80866 72.059044
46.61433 18.655018
-28.280437 96.3627
13.073908 44.037994
11.462713 16.769344
37.14717 -44.378223
55.380424 -29.994509
29.051794 -35.73055
-15.264721 -53.868668
-0.26073486 77.10917
-5.2516737 -4.433584
4.025209 -66.55353
7.3546762 -97.2703
2.3009965 38.455173
22.337551 -40.00307
-10.372321 -11.546688
-68.001305 39.05581
26.4637 74.91385
-22.325914 3.9570467
-3.4778726 66.82809
-66.6902 13.427751
-88.58019 -2.1160078
31.82741 -50.738873
81.87739 54.342106
13.438328 -40.074547
0.011678781 45.591724
-21.666063 11.867833
41.839878 68.45954
48.05064 -53.981014
90.66061 36.272778
20.03325 3.5333762
11.382486 -82.6992
0.5159921 3.585903
-33.363464 69.92985
72.45484 17.460531
-69.315315 22.941032
15.021374 7.7201033
107.906525 7.027834
71.09214 -67.42576
42.950916 -58.576946
67.84445 -27.396412
-27.422684 -60.820362
67.52198 2.0054734
-38.081944 72.947426
36.834686 -56.464806
-82.91744 52.20702
-81.64271 -23.072039
17.97673 -97.80172
116.82963 28.155039
104.071915 -8.638713
-50.432205 -39.76062
-66.2479 88.757
-49.88484 -18.168732
-65.57751 51.57152
45.192314 26.92199
91.931915 -9.634321
13.506036 89.69191
57.380127 43.956173
28.467829 86.64761
