NODES 195
EDGES 387
0 1
0 2
1 2
3 0
3 1
4 0
4 3
5 2
5 3
6 0
6 3
7 0
7 3
8 2
8 7
9 8
9 0
10 1
10 6
11 0
11 3
12 2
12 7
13 2
13 3
14 9
14 3
15 0
15 6
16 3
16 7
17 1
17 7
18 0
18 9
19 0
19 3
20 2
20 7
21 13
21 7
22 10
22 11
23 10
23 3
24 12
24 7
25 0
25 3
26 0
26 1
27 11
27 7
28 25
28 23
29 9
29 10
30 1
30 23
31 3
31 7
32 25
32 4
33 11
33 14
34 7
34 31
35 3
35 28
36 1
36 25
37 1
37 25
38 9
38 37
39 9
39 15
40 36
40 29
41 9
41 34
42 16
42 7
43 0
43 36
44 29
44 7
45 4
45 22
46 0
46 34
47 0
47 33
48 37
48 13
49 10
49 7
50 24
50 2
51 3
51 22
52 4
52 7
53 8
53 15
54 5
54 37
55 4
55 15
56 8
56 0
57 2
57 7
58 4
58 23
59 57
59 37
60 5
60 30
61 18
61 12
62 44
62 14
63 9
63 7
64 2
64 35
65 3
65 37
66 12
66 60
67 10
67 38
68 0
68 3
69 50
69 28
70 3
70 20
71 17
71 45
72 20
72 28
73 11
73 4
74 43
74 7
75 23
75 7
76 8
76 49
77 14
77 7
78 60
78 45
79 1
79 78
80 51
80 68
81 0
81 74
82 9
82 37
83 1
83 68
84 66
84 34
85 48
85 5
86 5
86 30
87 73
87 7
88 51
88 14
89 9
89 18
90 38
90 6
91 81
91 36
92 73
92 1
93 2
93 58
94 73
94 9
95 1
95 85
96 18
96 84
97 33
97 42
98 29
98 7
99 37
99 15
100 67
100 63
101 2
101 7
102 0
102 6
103 11
103 45
104 81
104 69
105 81
105 23
106 1
106 23
107 36
107 7
108 0
108 10
109 1
109 3
110 37
110 7
111 93
111 85
112 63
112 95
113 49
113 7
114 6
114 22
115 60
115 85
116 95
116 79
117 42
117 19
118 28
118 47
119 58
119 10
120 92
120 45
121 97
121 11
122 64
122 43
123 3
123 35
124 2
124 85
125 113
125 14
126 57
126 63
127 49
127 12
128 113
128 110
129 0
129 5
130 85
130 118
131 126
131 54
132 1
132 3
133 81
133 38
134 85
134 7
135 18
135 71
136 24
136 92
137 50
137 92
138 32
138 24
139 45
139 7
140 51
140 71
141 64
141 44
142 97
142 118
143 25
143 9
144 97
144 23
145 4
145 22
146 51
146 12
147 51
147 93
148 123
148 124
149 3
149 5
150 98
150 85
151 1
151 137
152 104
152 61
153 89
153 7
154 82
154 127
155 18
155 15
156 3
156 7
157 25
157 22
158 41
158 138
159 11
159 60
160 145
160 51
161 24
161 10
162 3
162 78
163 35
163 3
164 1
164 3
165 60
165 127
166 30
166 15
167 12
167 127
168 112
168 140
169 9
169 127
170 98
170 77
171 120
171 2
172 27
172 109
173 78
173 15
174 76
174 15
175 0
175 3
176 60
176 142
177 18
177 155
178 113
178 124
179 2
179 12
180 131
180 14
181 2
181 30
182 60
182 85
183 0
183 139
184 70
184 23
185 1
185 37
186 162
186 12
187 172
187 92
188 4
188 15
189 72
189 51
190 126
190 23
191 1
191 130
192 74
192 36
193 92
193 85
194 148
194 37
POSITIONS
82.57984 -26.745491
-69.045364 -6.0921245
-64.91721 100.01492
-3.7531207 -41.113472
57.728207 39.684322
34.58237 -16.894472
-63.548244 25.426367
54.40066 -54.67426
68.18031 91.2591
-15.231928 -101.185646
-49.05934 -31.07967
80.74202 122.31637
-90.9931 -36.634064
25.460176 158.20891
-68.699036 -160.582
21.351704 -96.25598
127.986725 69.577484
-160.7822 96.72675
52.04161 -107.3484
-72.459625 -71.900116
-161.83876 -111.461716
157.73799 57.79065
-85.58475 196.07388
-2.6406813 -144.34138
12.621149 54.34306
-81.009926 -102.74056
85.708015 -140.65877
-158.64177 -5.6865516
-38.71999 -61.340237
62.717968 -1.6626501
18.15129 -64.43083
65.157776 -186.29482
-98.31476 15.506776
209.09096 38.41394
115.32995 -127.77974
-90.65003 129.80678
-64.78563 -192.3418
-31.971373 -4.031849
-223.68544 -32.11462
102.625786 -251.25986
-12.021483 20.968353
-145.11594 -190.28584
246.56073 22.604734
-133.49098 -25.458668
49.43838 -286.08936
157.07175 233.95854
26.94631 -204.2406
277.93478 -69.1092
-134.57007 195.01402
34.26921 -158.63138
45.2539 217.90907
-247.43314 120.23295
126.85812 -171.78503
78.67923 197.24843
150.11319 -56.65668
181.82524 -60.93988
13.758268 212.24335
105.39925 -49.168713
-96.860176 98.4175
-145.30849 -70.92926
209.43054 -86.776794
37.17014 99.13642
-104.494385 -376.63168
153.12708 89.45643
-258.15375 -21.320461
146.3471 -119.90977
218.00072 69.138466
-183.89413 -25.313786
122.57871 -96.01138
-56.845963 56.863422
-84.0352 -221.89253
-106.37544 303.37335
-325.77853 -4.6152377
188.58911 13.857819
5.684794 104.76013
-48.034073 -284.98004
181.70386 103.85518
-128.91727 6.193951
347.35898 -33.17897
188.68517 201.95062
-236.36987 -69.42432
224.21643 -187.72374
-132.51134 37.968605
21.93827 -235.84187
333.3446 18.21457
-275.10086 136.30832
151.93704 -239.037
238.1128 115.845505
-328.23843 -85.641754
116.70453 2.0165384
-318.37582 111.108154
128.45473 -376.24942
121.02548 145.24513
-275.1553 224.56232
237.35542 -216.90068
-166.2375 190.37285
150.08398 -270.97748
381.28998 191.09587
-48.657322 171.40799
67.45427 -248.83888
65.44272 272.81906
-195.99854 -106.00872
209.28456 -10.5469
61.780144 356.1581
218.98898 -243.10208
295.67422 -124.26551
-220.38863 -143.29492
129.09418 -300.8484
134.70279 176.99864
-185.29633 -179.92932
233.83765 -51.488598
-425.65305 216.7299
102.09452 232.23889
254.78253 -27.295382
-291.9574 93.05087
24.894474 -128.04887
-10.050254 427.6437
-4.049662 -254.50914
249.99739 69.0085
-219.93222 136.58873
269.0919 236.83885
260.09164 303.5203
-400.30145 -88.58692
-34.27736 122.25112
-188.8483 272.23923
131.27815 -213.99681
286.21613 74.701935
-238.85443 -190.30632
450.6116 -70.31813
65.265816 167.95705
-47.6181 -92.077354
352.0388 -117.89412
-132.83066 130.96382
40.15973 -329.205
-123.88909 225.1796
-255.57138 34.43421
284.63654 42.74095
58.713715 314.89243
-179.89719 -78.35793
267.42062 136.61484
-237.03142 326.2293
-72.21828 -375.49493
350.9145 282.85614
-214.83305 -238.8986
372.50806 27.107924
-143.6351 289.9895
-288.33163 -158.03188
-285.31952 332.78555
-240.05887 266.076
217.82918 -146.11456
-331.70572 271.60083
-199.60927 -53.184837
323.2421 -12.146142
-128.85042 98.52022
-240.35587 -274.56165
3.3597193 -9.914022
-140.56575 -155.08047
41.80093 67.47077
-373.78104 -32.647472
103.336525 -195.11475
-217.6962 367.39346
-202.21574 31.66672
299.88962 -163.1155
-41.7397 255.54593
-122.501465 -212.9262
173.28508 -180.2991
-219.27785 -0.43025446
-271.0657 -265.56683
-36.020393 408.8882
-326.24512 -158.82977
99.87697 95.56788
35.554375 292.80972
-355.95038 -187.15274
362.6217 -5.0495596
-164.29747 41.648914
169.03429 -212.00945
345.86932 192.17592
-141.89777 -243.73405
166.35431 284.02356
-214.1352 168.05754
144.85272 -334.0753
34.035507 247.87936
-263.72864 -52.82866
384.96524 -27.96006
-25.613111 49.928062
-111.494514 -182.3646
254.79442 -136.40508
-290.8067 37.86965
18.785563 -276.92316
-330.55988 235.708
-13.561699 -177.53612
151.586 -151.47432
-155.54405 220.53249
-118.33191 -53.60664
-36.621063 302.33246
