NODES 60
EDGES 174
0 1
0 2
0 3
1 2
1 3
2 3
4 0
4 1
4 3
5 0
5 1
5 4
6 1
6 3
6 5
7 1
7 2
7 4
8 0
8 1
8 4
9 0
9 1
9 6
10 8
10 5
10 6
11 10
11 5
11 6
12 0
12 4
12 5
13 8
13 9
13 5
14 11
14 3
14 7
15 3
15 10
15 11
16 0
16 14
16 7
17 8
17 3
17 6
18 9
18 13
18 7
19 8
19 0
19 13
20 10
20 12
20 5
21 1
21 11
21 14
22 12
22 4
22 20
23 13
23 5
23 6
24 0
24 1
24 3
25 5
25 13
25 7
26 24
26 8
26 5
27 24
27 18
27 6
28 8
28 18
28 6
29 9
29 5
29 6
30 10
30 20
30 7
31 19
31 12
31 21
32 8
32 13
32 31
33 0
33 1
33 28
34 21
34 13
34 7
35 9
35 10
35 7
36 9
36 29
36 1
37 16
37 22
37 7
38 11
38 12
38 5
39 32
39 1
39 5
40 16
40 10
40 3
41 8
41 12
41 5
42 8
42 5
42 21
43 8
43 13
43 39
44 40
44 30
44 23
45 8
45 4
45 5
46 0
46 30
46 7
47 41
47 43
47 9
48 9
48 31
48 7
49 9
49 35
49 43
50 16
50 49
50 1
51 10
51 5
51 37
52 1
52 47
52 39
53 1
53 2
53 21
54 10
54 6
54 7
55 40
55 43
55 21
56 32
56 41
56 5
57 40
57 19
57 44
58 24
58 41
58 38
59 46
59 57
59 30
POSITIONS
-21.487371 12.644034
55.025208 35.249702
-11.338488 -36.32661
46.059704 91.55601
-50.812206 25.44958
18.197554 -24.04215
-25.05527 44.442905
-95.9613 19.600279
106.24681 -15.030798
-42.490322 -29.062912
-81.64421 -24.457952
17.517525 67.77667
-76.58135 -91.75586
111.910484 -75.25595
-8.863513 155.98062
29.087313 -61.270313
22.23931 130.87825
-29.122322 120.14156
48.064796 -35.51246
43.05795 -3.9077883
-146.93436 -109.242455
158.14087 82.569725
-198.81323 6.2957187
51.947536 -140.11093
110.577934 148.54254
-58.50299 -65.350784
177.50024 36.82227
0.77281237 186.49535
0.96569765 -119.56318
86.33199 13.300687
-215.12949 -69.179085
88.290215 -46.038113
134.14752 41.166153
-95.942 -66.27623
159.27586 -20.164566
-168.0654 15.159714
54.19849 -105.67895
-117.57016 141.60808
-90.73713 51.293575
155.2593 -56.997982
6.128179 28.81368
11.567225 -88.0406
204.9236 -1.1701261
74.32317 -17.243483
-69.77221 -176.45726
15.108642 99.68607
-193.2103 -93.40536
99.186386 -143.91833
-97.4525 89.47747
-34.84153 -86.89505
122.208855 93.62661
-141.79651 40.4332
187.45862 -125.51402
80.0786 138.85799
-164.27817 -42.872124
178.14912 121.59661
-49.102768 65.551605
-113.772995 -144.10292
24.217367 164.71513
-278.84933 -154.88045
