NODES 75
EDGES 147
0 1
0 2
1 2
3 1
3 2
4 1
4 3
5 1
5 3
6 1
6 3
7 2
7 5
8 1
8 5
9 0
9 5
10 0
10 2
11 1
11 2
12 1
12 2
13 12
13 5
14 0
14 1
15 12
15 5
16 8
16 15
17 8
17 1
18 1
18 12
19 8
19 12
20 12
20 5
21 0
21 1
22 0
22 1
23 16
23 6
24 1
24 19
25 0
25 17
26 1
26 2
27 16
27 1
28 9
28 27
29 1
29 2
30 8
30 5
31 27
31 23
32 30
32 22
33 25
33 23
34 0
34 6
35 1
35 23
36 0
36 16
37 2
37 23
38 27
38 20
39 8
39 19
40 33
40 26
41 32
41 1
42 26
42 18
43 2
43 3
44 33
44 11
45 0
45 22
46 3
46 36
47 19
47 6
48 38
48 15
49 33
49 1
50 32
50 37
51 8
51 13
52 33
52 1
53 41
53 6
54 1
54 23
55 32
55 39
56 17
56 21
57 8
57 1
58 53
58 5
59 51
59 12
60 0
60 27
61 11
61 45
62 2
62 11
63 59
63 6
64 11
64 43
65 27
65 15
66 0
66 1
67 11
67 22
68 0
68 49
69 33
69 22
70 0
70 57
71 59
71 53
72 27
72 5
73 8
73 34
74 3
74 38
POSITIONS
56.88463 10.966449
13.563295 0.11550004
1.0707012 -35.904385
-32.41984 54.491516
-122.551605 -27.156063
19.831718 -61.827812
64.58859 107.28506
-30.134384 -171.29477
99.97427 -54.04553
-74.774086 -73.24496
84.65977 -134.07353
-68.71416 68.45268
-32.490078 -78.92004
51.275856 -123.730484
-0.52211165 114.044525
-32.368923 -138.4042
55.970345 -67.95577
-98.861824 -5.652685
133.24908 -91.962
141.10579 52.26664
-153.55289 -94.13799
46.213593 81.08662
-65.83132 122.94886
-4.078618 -93.64048
133.7247 131.81525
-180.13766 -76.32699
126.21829 -35.740105
-50.45773 -52.442753
-149.40419 -157.72334
110.28017 2.4466863
18.638773 42.874847
116.476974 -137.48895
64.716324 217.81676
-166.04385 -195.19612
203.487 41.592007
-98.29338 26.340614
17.660622 -145.40492
142.30801 20.289234
-240.44608 31.588259
257.7643 5.7237806
-66.891685 -4.359845
-30.311531 177.40717
289.2234 -59.044804
-147.10753 87.267044
-77.91244 -191.4043
-10.926839 202.8676
-161.1316 -125.2267
211.93713 128.5611
-217.15656 77.56769
-31.435217 -235.05165
203.20943 220.91283
-38.821205 -19.713648
-34.253757 -203.17601
25.364305 291.68848
-99.69275 -167.96037
269.36838 147.08472
-137.40904 155.17104
68.32276 -171.2578
107.826706 185.05557
-115.90427 74.15357
157.84409 -30.88103
-58.805008 282.08182
-92.83848 -109.2757
64.09192 172.80501
-224.44397 164.8323
67.81239 -209.25917
47.60087 134.40308
-194.49628 54.973183
141.28685 -183.20761
-262.25912 4.889073
66.628975 -241.23727
-15.438171 256.9078
-160.05331 -39.90302
265.82275 -91.31617
-167.57892 183.79625
