NODES 180
EDGES 710
0 1
0 2
0 3
0 4
1 2
1 3
1 4
2 3
2 4
3 4
5 0
5 1
5 3
5 4
6 0
6 1
6 4
6 5
7 1
7 3
7 4
7 6
8 0
8 1
8 5
8 7
9 8
9 1
9 2
9 3
10 8
10 1
10 4
10 5
11 8
11 10
11 2
11 4
12 8
12 1
12 4
12 5
13 1
13 3
13 4
13 6
14 3
14 10
14 11
14 5
15 8
15 1
15 10
15 0
16 11
16 3
16 4
16 5
17 11
17 9
17 3
17 16
18 0
18 9
18 10
18 7
19 11
19 5
19 6
19 7
20 18
20 19
20 12
20 6
21 8
21 1
21 18
21 7
22 18
22 11
22 5
22 6
23 9
23 10
23 3
23 7
24 10
24 2
24 4
24 13
25 11
25 9
25 3
25 1
26 16
26 4
26 12
26 14
27 8
27 25
27 23
27 15
28 8
28 0
28 3
28 7
29 0
29 27
29 4
29 7
30 0
30 2
30 12
30 15
31 3
31 11
31 29
31 14
32 11
32 3
32 12
32 6
33 3
33 20
33 5
33 15
34 16
34 21
34 5
34 15
35 8
35 4
35 5
35 6
36 9
36 35
36 6
36 25
37 34
37 12
37 5
37 6
38 24
38 1
38 10
38 11
39 8
39 18
39 13
39 23
40 0
40 1
40 2
40 21
41 24
41 13
41 6
41 39
42 8
42 15
42 30
42 7
43 24
43 16
43 34
43 32
44 1
44 10
44 13
44 14
45 32
45 10
45 11
45 12
46 8
46 4
46 12
46 38
47 25
47 5
47 29
47 23
48 8
48 3
48 5
48 31
49 16
49 1
49 2
49 31
50 0
50 21
50 6
50 47
51 0
51 25
51 10
51 3
52 1
52 50
52 36
52 21
53 11
53 5
53 29
53 21
54 9
54 34
54 11
54 15
55 9
55 50
55 27
55 35
56 32
56 2
56 21
56 15
57 1
57 50
57 6
57 7
58 16
58 28
58 7
58 23
59 1
59 29
59 37
59 7
60 0
60 16
60 9
60 31
61 35
61 23
61 21
61 15
62 25
62 42
62 27
62 36
63 1
63 59
63 21
63 15
64 16
64 33
64 12
64 63
65 11
65 61
65 21
65 23
66 10
66 21
66 6
66 15
67 48
67 1
67 51
67 27
68 1
68 11
68 5
68 25
69 10
69 11
69 34
69 66
70 32
70 9
70 37
70 39
71 25
71 67
71 37
71 6
72 48
72 9
72 15
72 33
73 16
73 21
73 67
73 61
74 27
74 49
74 34
74 3
75 16
75 1
75 66
75 13
76 24
76 1
76 75
76 8
77 20
77 5
77 14
77 36
78 61
78 11
78 4
78 21
79 48
79 10
79 3
79 14
80 16
80 1
80 3
80 5
81 32
81 1
81 20
81 12
82 1
82 43
82 15
82 79
83 48
83 1
83 44
83 5
84 80
84 17
84 69
84 47
85 8
85 58
85 6
85 22
86 10
86 52
86 21
86 6
87 40
87 13
87 39
87 15
88 3
88 25
88 11
88 15
89 11
89 9
89 67
89 24
90 40
90 74
90 84
90 44
91 33
91 66
91 4
91 63
92 74
92 5
92 20
92 13
93 2
93 11
93 44
93 31
94 24
94 10
94 19
94 58
95 10
95 5
95 66
95 7
96 81
96 55
96 39
96 15
97 96
97 74
97 28
97 76
98 11
98 50
98 91
98 34
99 96
99 1
99 11
99 70
100 89
100 42
100 4
100 36
101 18
101 59
101 21
101 6
102 67
102 83
102 68
102 70
103 66
103 75
103 30
103 39
104 65
104 19
104 52
104 4
105 9
105 59
105 85
105 39
106 5
106 50
106 21
106 6
107 1
107 50
107 67
107 38
108 82
108 20
108 6
108 63
109 90
109 2
109 108
109 4
110 16
110 75
110 20
110 7
111 16
111 18
111 100
111 15
112 48
112 16
112 34
112 76
113 0
113 66
113 10
113 7
114 48
114 2
114 52
114 94
115 16
115 63
115 6
115 15
116 8
116 10
116 75
116 12
117 16
117 76
117 46
117 63
118 50
118 34
118 21
118 39
119 88
119 97
119 3
119 79
120 96
120 20
120 93
120 87
121 10
121 4
121 42
121 85
122 32
122 33
122 67
122 5
123 1
123 74
123 59
123 4
124 41
124 20
124 85
124 36
125 1
125 23
125 102
125 103
126 74
126 90
126 77
126 39
127 16
127 9
127 6
127 1
128 112
128 10
128 54
128 39
129 83
129 37
129 86
129 6
130 10
130 76
130 21
130 7
131 0
131 89
131 37
131 95
132 122
132 4
132 95
132 119
133 38
133 131
133 54
133 23
134 16
134 1
134 11
134 0
135 32
135 105
135 53
135 1
136 11
136 21
136 6
136 15
137 3
137 2
137 83
137 79
138 82
138 35
138 6
138 14
139 1
139 13
139 21
139 5
140 108
140 83
140 4
140 62
141 0
141 11
141 27
141 133
142 3
142 75
142 125
142 54
143 40
143 122
143 21
143 111
144 48
144 33
144 15
144 39
145 9
145 50
145 67
145 5
146 48
146 1
146 9
146 7
147 0
147 43
147 4
147 104
148 81
148 11
148 20
148 69
149 8
149 73
149 50
149 55
150 56
150 129
150 3
150 47
151 83
151 23
151 21
151 15
152 40
152 113
152 91
152 132
153 121
153 130
153 37
153 7
154 1
154 122
154 27
154 14
155 32
155 11
155 15
155 135
156 11
156 18
156 59
156 15
157 9
157 35
157 21
157 15
158 85
158 116
158 37
158 6
159 154
159 148
159 38
159 63
160 104
160 48
160 52
160 6
161 32
161 101
161 12
161 93
162 0
162 107
162 116
162 15
163 89
163 53
163 142
163 127
164 1
164 130
164 4
164 15
165 80
165 97
165 90
165 83
166 159
166 29
166 47
166 7
167 16
167 3
167 116
167 23
168 66
168 2
168 53
168 125
169 88
169 1
169 21
169 17
170 16
170 82
170 84
170 36
171 128
171 43
171 35
171 72
172 122
172 3
172 85
172 53
173 152
173 65
173 62
173 17
174 9
174 132
174 125
174 134
175 123
175 76
175 21
175 62
176 16
176 32
176 149
176 159
177 46
177 77
177 38
177 6
178 162
178 147
178 52
178 142
179 32
179 33
179 116
179 49
POSITIONS
57.445072 -20.965971
12.273157 -99.5095
-94.11919 -20.098291
-36.217724 59.74451
-40.262848 27.309004
-14.389715 8.599444
-6.739734 72.19898
-16.963644 -23.19178
16.297108 -12.960633
-58.164436 -66.88532
14.650873 21.071121
-10.742199 40.37017
-151.72066 8.052641
70.95252 -49.9174
-125.76487 -15.322962
-5.63402 -73.04058
115.38584 56.235573
-55.25387 113.75226
-46.1423 -124.57096
74.995224 7.333634
-134.05023 -74.037346
88.233055 -76.886696
-148.79285 73.83355
43.21097 -107.53148
93.598915 33.10912
-94.62973 -88.21674
26.02079 -69.53961
-15.53598 -115.288414
56.606667 -78.51472
23.046364 83.30421
-120.87732 16.310314
7.422138 -43.708958
-132.9526 101.63024
-157.81107 -23.327332
142.92061 72.48257
-61.777836 78.92019
-29.836884 -52.25933
-1.7968186 146.72575
-53.007458 -171.08629
161.402 -118.11463
24.08954 51.480904
-33.93251 -88.00085
82.89247 63.215393
52.14478 234.28769
-79.807686 -126.138176
-6.0108066 178.42204
-174.5799 -160.91354
104.98884 86.34787
-86.81722 -52.845264
-43.3999 -4.9430857
198.55255 -33.54789
-118.09441 -46.322628
202.05821 -159.25078
-37.813625 174.90962
34.080986 -138.09744
142.30179 -92.493195
-80.97172 132.77823
115.196365 -162.52246
51.307945 68.18742
-65.32987 47.103306
199.98576 -65.49729
135.64102 -29.933777
25.253077 -194.71931
93.60525 -18.426525
-167.60329 47.95462
230.39236 -87.98644
80.82453 107.21975
-22.275686 -162.20724
72.30709 -120.797615
-23.52398 205.21017
2.3418412 -141.8126
49.82344 100.591225
-237.35909 -8.639809
251.82089 -128.80615
121.47138 182.15327
61.084507 36.207283
140.88768 -142.63756
-200.80858 48.913723
85.60391 -149.91176
-114.33938 168.35767
-56.181522 -34.16696
-123.23625 -153.55363
-25.307695 125.02334
-122.09883 -120.734764
111.781334 241.45468
-144.02147 186.4116
111.20757 -130.78316
165.94519 -19.585505
-159.93054 -55.239704
108.232056 123.66857
6.193039 248.67645
43.422245 7.6727605
132.42741 102.7344
-186.50758 -131.22159
172.2326 -81.32539
8.435422 206.97716
101.321976 -237.57094
179.97354 53.394638
76.59828 138.88528
15.452982 -250.65709
30.75899 184.05083
-182.9505 1.5788443
-3.7647016 -292.02362
-49.97331 145.3235
191.959 -106.47122
-1.4472952 103.76843
-73.76757 4.548651
145.41345 -224.79968
-154.56305 125.227165
-228.63062 126.37243
132.53716 5.6427875
-93.48734 62.466618
221.46875 -118.716675
164.08568 133.71367
-7.9485817 -224.34036
225.10835 8.41206
-32.299545 91.505
71.885376 -209.72305
302.21683 -8.567936
-185.08134 136.95006
-35.183525 -285.95258
-101.042465 219.58435
-226.92949 -86.61989
102.92248 -48.635567
-267.22934 54.931805
-64.23964 -98.19926
89.33994 264.2638
-84.862274 101.034134
155.24463 -171.21043
-112.75723 136.3971
-6.387243 -189.97739
195.19122 100.4608
-225.8426 158.24646
119.85485 -265.3171
25.337948 121.24672
-163.75945 161.23102
161.502 -51.24474
-195.16345 167.32117
-196.66608 -27.314152
192.70657 -2.1168492
-251.1055 -65.655136
101.02996 -196.50969
103.98699 155.38779
-150.2591 -136.4121
131.64917 -62.467964
-92.50549 30.430822
-87.95261 -195.8195
196.01355 132.44632
-231.78113 -40.14991
294.0406 -39.505764
-45.9031 279.03644
-27.361088 -249.88632
140.54016 227.43837
-183.93567 93.30274
-168.12534 -221.96864
-75.869255 199.82997
-187.50114 -71.45468
111.14438 -98.97886
-104.20378 280.4505
-146.24998 -175.78822
200.52608 28.902718
-326.75912 14.679992
231.13533 -55.995983
24.183945 324.16385
-111.32379 -217.67786
143.01999 40.17532
-135.7794 44.611534
55.845234 -161.51448
56.808693 202.63202
-173.38551 -102.019424
227.56021 137.74768
-132.87747 216.40233
-238.53397 69.59948
253.58202 63.282616
-262.88464 23.228119
202.79153 -241.27953
133.53183 143.13106
-264.52145 -102.36677
342.4789 37.368694
-257.6594 154.94542
