NODES 120
EDGES 354
0 1
0 2
0 3
1 2
1 3
2 3
4 0
4 1
4 3
5 0
5 2
5 4
6 0
6 2
6 3
7 2
7 4
7 5
8 1
8 3
8 5
9 0
9 3
9 4
10 2
10 3
10 4
11 3
11 4
11 5
12 2
12 3
12 4
13 1
13 2
13 3
14 8
14 10
14 2
15 4
15 13
15 6
16 2
16 4
16 5
17 8
17 10
17 2
18 2
18 11
18 7
19 2
19 4
19 14
20 11
20 2
20 3
21 4
21 5
21 14
22 8
22 0
22 21
23 3
23 5
23 7
24 8
24 4
24 14
25 17
25 4
25 21
26 5
26 3
26 13
27 8
27 10
27 5
28 3
28 4
28 14
29 24
29 13
29 6
30 24
30 19
30 14
31 19
31 11
31 4
32 24
32 17
32 28
33 5
33 4
33 21
34 16
34 4
34 5
35 9
35 19
35 15
36 19
36 4
36 5
37 0
37 10
37 4
38 24
38 0
38 3
39 32
39 24
39 3
40 24
40 13
40 7
41 19
41 4
41 5
42 2
42 23
42 7
43 0
43 1
43 2
44 25
44 5
44 30
45 8
45 15
45 23
46 17
46 5
46 33
47 11
47 34
47 10
48 16
48 4
48 29
49 24
49 48
49 13
50 41
50 3
50 36
51 41
51 35
51 44
52 16
52 8
52 14
53 19
53 46
53 15
54 16
54 28
54 46
55 40
55 2
55 4
56 51
56 4
56 37
57 24
57 3
57 46
58 8
58 2
58 22
59 3
59 11
59 51
60 0
60 2
60 21
61 40
61 43
61 5
62 10
62 27
62 21
63 24
63 46
63 47
64 19
64 3
64 31
65 32
65 58
65 27
66 0
66 51
66 5
67 4
67 28
67 29
68 5
68 4
68 45
69 0
69 64
69 7
70 41
70 10
70 46
71 2
71 35
71 53
72 8
72 3
72 39
73 2
73 5
73 15
74 40
74 35
74 67
75 56
75 41
75 2
76 56
76 2
76 27
77 11
77 5
77 22
78 74
78 11
78 21
79 11
79 36
79 68
80 20
80 28
80 71
81 19
81 11
81 5
82 34
82 2
82 20
83 27
83 21
83 7
84 48
84 1
84 5
85 3
85 60
85 69
86 2
86 6
86 79
87 24
87 2
87 4
88 4
88 5
88 62
89 16
89 32
89 77
90 19
90 36
90 53
91 88
91 55
91 47
92 10
92 42
92 5
93 11
93 28
93 15
94 41
94 62
94 31
95 73
95 83
95 21
96 20
96 37
96 31
97 24
97 4
97 30
98 3
98 4
98 29
99 24
99 26
99 3
100 67
100 30
100 23
101 64
101 3
101 22
102 48
102 32
102 2
103 41
103 3
103 38
104 32
104 4
104 101
105 10
105 100
105 62
106 3
106 53
106 62
107 2
107 46
107 7
108 49
108 12
108 30
109 4
109 84
109 5
110 5
110 27
110 93
111 26
111 19
111 7
112 2
112 26
112 70
113 8
113 55
113 47
114 24
114 4
114 15
115 68
115 14
115 23
116 26
116 94
116 14
117 10
117 19
117 14
118 1
118 27
118 92
119 3
119 60
119 4
POSITIONS
42.570583 -30.607292
47.015736 -5.98796
13.006242 -11.398081
24.115421 -11.04665
-9.819563 -11.377708
11.833573 8.338474
22.892696 -42.69596
24.789185 38.742462
49.795475 33.34357
-2.567495 -40.887295
-20.65772 29.810268
-12.275602 -29.918123
-25.353388 -9.174864
-3.9461417 5.9379406
-16.15183 36.662
-15.704187 1.0984172
36.24338 -32.30758
28.6869 26.308311
24.359379 5.6781554
-54.10047 -13.748568
1.0847012 -66.35283
10.461236 48.72593
72.67926 5.347113
17.53405 60.01253
0.5728057 24.6718
-12.045784 24.958595
-31.483856 14.166948
41.501255 40.06218
20.810286 -26.216337
-2.6499784 -26.160051
-56.785786 34.268475
-42.27845 -42.899185
71.91411 -9.896219
-3.6149411 42.098793
4.9371786 -25.802683
-56.723267 -30.958086
-42.793854 -29.287874
-15.339982 -52.237225
22.957111 -33.628838
61.80284 13.8379345
-5.6621337 49.174255
-51.276962 -34.95934
39.00969 55.973286
55.068226 -14.429595
-47.434784 2.289835
26.5791 50.352654
-1.7746294 37.752464
-24.24692 47.860466
23.199265 -49.716667
-24.975195 1.8064476
-35.775257 -38.725666
-49.790813 -55.330173
42.0195 19.76217
-59.752613 -3.4769316
38.645264 -13.185172
-14.871864 55.634678
-27.09186 -63.771687
12.5230875 34.81437
78.43595 17.212812
-23.657604 -52.455242
53.810886 4.056514
35.825638 21.844963
-37.599895 53.692566
-15.030985 63.71037
10.563403 -38.269833
87.54054 21.808422
0.41116464 -51.290638
-34.465855 0.6134462
11.694973 22.801188
58.194016 -9.35988
-48.826725 11.8468685
-37.65556 -48.1438
67.886246 22.78988
18.067188 29.07192
-55.39904 14.474815
-35.0506 -59.14129
14.946887 -33.570107
57.067993 -25.562208
-35.451984 21.121843
-9.302748 -46.203033
-5.2011647 -73.15779
-34.15399 -21.189867
10.567122 -61.351032
37.371517 71.23192
37.549713 -45.75336
67.82276 -2.5780966
18.294754 -60.48821
-0.20704189 0.5252336
-33.968433 45.55425
77.07245 -35.87187
-75.80233 -22.06777
-36.212357 71.12843
36.50379 51.897392
27.103237 -22.025053
-73.381454 0.032626644
28.875872 73.92549
-26.195282 -77.25093
-39.51733 30.680916
-0.97506535 -33.08358
-9.131575 17.15359
-47.464436 57.371613
65.70793 -25.53104
55.47269 -42.989155
-12.579504 -45.28669
66.6671 -29.649197
-51.3847 66.0841
-44.708626 24.907812
18.764643 42.233093
-60.737183 17.406797
14.382318 -42.518787
45.997047 13.639841
-40.567398 19.923761
-41.43451 2.7987072
1.4403476 71.74318
-20.086514 11.477687
6.115349 65.55916
-66.046974 25.050243
-52.056553 27.524094
63.14294 42.49589
39.805103 -2.1956446
