NODES 75
EDGES 219
0 1
0 2
0 3
1 2
1 3
2 3
4 0
4 1
4 2
5 0
5 1
5 4
6 0
6 2
6 5
7 0
7 4
7 6
8 0
8 1
8 2
9 4
9 6
9 7
10 0
10 4
10 6
11 0
11 2
11 3
12 0
12 1
12 11
13 0
13 4
13 6
14 0
14 9
14 10
15 2
15 6
15 14
16 1
16 2
16 13
17 2
17 4
17 6
18 10
18 5
18 6
19 17
19 2
19 3
20 0
20 11
20 14
21 17
21 2
21 6
22 0
22 4
22 6
23 9
23 6
23 7
24 2
24 11
24 4
25 0
25 16
25 9
26 1
26 4
26 6
27 11
27 6
27 15
28 9
28 6
28 15
29 0
29 9
29 6
30 0
30 9
30 4
31 9
31 2
31 6
32 19
32 14
32 15
33 10
33 5
33 29
34 1
34 4
34 21
35 17
35 4
35 14
36 32
36 9
36 7
37 0
37 13
37 7
38 0
38 1
38 4
39 32
39 2
39 38
40 8
40 0
40 4
41 9
41 28
41 4
42 38
42 6
42 7
43 28
43 29
43 6
44 3
44 11
44 38
45 2
45 43
45 13
46 44
46 4
46 23
47 42
47 43
47 31
48 0
48 34
48 3
49 40
49 17
49 26
50 0
50 1
50 4
51 0
51 50
51 2
52 17
52 18
52 27
53 40
53 17
53 45
54 38
54 32
54 46
55 5
55 21
55 46
56 41
56 54
56 9
57 13
57 4
57 29
58 33
58 4
58 1
59 2
59 18
59 6
60 1
60 34
60 51
61 1
61 59
61 12
62 0
62 19
62 14
63 9
63 34
63 6
64 0
64 19
64 62
65 0
65 9
65 52
66 64
66 4
66 22
67 0
67 4
67 38
68 24
68 25
68 54
69 17
69 39
69 47
70 33
70 3
70 12
71 32
71 2
71 38
72 34
72 62
72 6
73 0
73 29
73 22
74 59
74 27
74 31
POSITIONS
-18.220556 -1.7942674
-39.914993 14.220297
6.5121512 10.935399
-25.106913 12.739772
-10.456696 -12.564362
-9.8271265 21.759106
25.4837 5.0626054
23.401007 -33.688446
-32.58612 27.886469
35.87412 -29.077963
5.3090057 22.775547
-2.9155989 1.9400566
-41.0576 32.639103
-12.212055 -26.217583
31.639837 13.622266
49.585434 7.2709575
-30.454512 -25.304958
21.167765 38.089687
25.02377 44.623627
10.288354 29.751238
8.408779 0.49905458
4.720143 32.473537
-28.44805 -17.925158
30.443033 -40.99968
-3.3761964 -32.979633
-6.7007823 -48.877506
-14.9447155 29.879274
48.123802 27.365112
58.17665 -18.868166
7.4176407 -14.470424
3.660378 -24.941498
56.406197 10.198681
48.049637 -13.774526
-27.327732 31.824108
-29.48007 20.565393
24.515776 24.955698
51.20002 -37.43766
-6.568909 -40.040848
9.8586035 -28.886337
43.876347 -5.3573155
-21.242584 40.359505
42.23197 -44.26006
46.352726 -22.27673
52.507687 -2.6883454
-3.4948974 -26.449177
19.536648 17.334194
9.357928 -42.3216
71.5216 1.451703
-37.929173 7.376289
-10.096148 55.471165
-47.80692 -5.8318353
-49.156296 2.3242898
44.29198 40.678753
5.353942 52.105442
27.13002 -57.29086
-2.9273033 10.155647
43.898636 -58.891846
-16.138264 -37.594654
-48.463306 17.493738
30.067974 44.764977
-59.80358 15.452853
-25.223825 49.3672
-1.8375533 36.05364
16.99383 -7.041896
-18.598358 22.191982
35.705345 1.9007362
-37.748047 -10.611693
-18.372425 -31.359749
4.299256 -64.07193
63.00249 18.602076
-45.97023 40.354847
29.91127 -16.532734
-6.0244627 40.404636
-26.335382 -27.323553
59.40715 38.131973
