NODES 120
EDGES 354
0 1
0 2
0 3
1 2
1 3
2 3
4 0
4 1
4 2
5 0
5 1
5 4
6 0
6 2
6 4
7 0
7 3
7 4
8 2
8 3
8 4
9 2
9 4
9 7
10 1
10 3
10 4
11 0
11 1
11 4
12 2
12 3
12 4
13 1
13 3
13 6
14 2
14 3
14 7
15 1
15 2
15 7
16 0
16 12
16 5
17 0
17 12
17 4
18 8
18 3
18 13
19 0
19 17
19 2
20 8
20 3
20 4
21 10
21 11
21 6
22 8
22 0
22 14
23 1
23 4
23 5
24 3
24 13
24 15
25 21
25 3
25 5
26 24
26 6
26 22
27 2
27 10
27 12
28 17
28 2
28 3
29 3
29 20
29 13
30 0
30 3
30 7
31 27
31 29
31 15
32 25
32 10
32 15
33 0
33 1
33 25
34 11
34 6
34 22
35 0
35 17
35 12
36 16
36 4
36 14
37 1
37 2
37 11
38 0
38 1
38 31
39 33
39 2
39 30
40 0
40 15
40 7
41 2
41 3
41 15
42 17
42 35
42 29
43 17
43 38
43 39
44 28
44 14
44 31
45 27
45 18
45 3
46 3
46 30
46 22
47 2
47 6
47 23
48 0
48 33
48 5
49 40
49 16
49 33
50 1
50 26
50 15
51 0
51 19
51 39
52 11
52 19
52 7
53 0
53 16
53 6
54 52
54 53
54 14
55 33
55 5
55 39
56 1
56 51
56 29
57 12
57 5
57 47
58 5
58 22
58 14
59 0
59 42
59 19
60 0
60 37
60 39
61 20
61 5
61 39
62 1
62 11
62 30
63 1
63 12
63 20
64 18
64 4
64 14
65 4
65 5
65 23
66 19
66 21
66 22
67 2
67 3
67 14
68 3
68 29
68 6
69 1
69 26
69 4
70 57
70 36
70 69
71 1
71 28
71 5
72 35
72 38
72 7
73 16
73 2
73 15
74 2
74 58
74 30
75 56
75 17
75 57
76 11
76 3
76 28
77 20
77 70
77 47
78 37
78 70
78 15
79 35
79 44
79 7
80 8
80 56
80 5
81 8
81 59
81 5
82 35
82 5
82 78
83 67
83 4
83 14
84 75
84 14
84 15
85 0
85 11
85 7
86 1
86 3
86 60
87 65
87 17
87 26
88 33
88 29
88 69
89 2
89 28
89 38
90 0
90 3
90 21
91 26
91 67
91 30
92 11
92 36
92 20
93 58
93 82
93 30
94 2
94 77
94 15
95 10
95 4
95 85
96 25
96 3
96 9
97 2
97 26
97 20
98 2
98 52
98 20
99 94
99 12
99 14
100 67
100 37
100 79
101 3
101 15
101 55
102 8
102 57
102 85
103 64
103 1
103 11
104 89
104 76
104 7
105 13
105 35
105 77
106 16
106 74
106 83
107 8
107 2
107 3
108 32
108 65
108 29
109 57
109 27
109 86
110 94
110 59
110 46
111 0
111 3
111 30
112 0
112 33
112 95
113 4
113 85
113 76
114 91
114 14
114 7
115 35
115 21
115 39
116 41
116 52
116 30
117 32
117 1
117 29
118 106
118 11
118 117
119 81
119 15
119 55
POSITIONS
-49.305943 64.51332
31.989363 42.287624
37.5888 -30.392815
4.9105415 -16.815708
-13.334373 9.653907
30.041704 2.9934466
104.62403 90.73586
-78.67561 -70.95107
111.28512 -48.459618
-160.94391 -63.47202
63.162205 35.079613
36.555603 142.97865
-35.910416 -76.189606
173.63799 63.480663
-100.221436 -11.004735
99.10169 -83.77417
-20.698463 40.79388
-111.70292 33.13857
154.20746 17.65207
-86.41127 92.8507
74.48648 -45.88676
127.28576 168.95157
3.2960186 147.07625
38.862606 -107.03377
180.73732 97.095314
-37.819637 -44.255764
142.45897 47.399612
-68.349075 -8.243081
77.83991 -107.69256
82.54276 60.54015
-165.44853 25.491682
12.742592 -135.54813
72.62942 90.96467
-50.609554 -104.59777
184.34908 209.47852
-51.34372 148.61522
-28.3243 -127.55646
134.07478 78.272125
-127.26492 -28.109465
-5.2918797 -85.48136
-48.8031 17.276234
-79.86472 -117.556305
5.795439 115.17401
-228.889 25.878778
53.721863 -173.687
67.47139 151.23784
-69.87634 -40.193596
108.400955 -153.47299
-121.99792 63.435028
-64.75638 -197.61737
248.58638 53.490047
-197.03203 20.34551
-36.603394 -12.305887
-33.086063 192.57353
-228.78677 -6.119712
73.80394 -148.77493
-152.96918 71.47536
2.5911934 -235.64984
-115.363434 192.28003
11.01924 -48.22754
161.71518 -65.0465
23.539433 73.15021
-101.21131 -46.661987
119.7891 17.654873
-124.04818 111.47333
136.9973 -9.326165
35.92566 287.1611
-129.35606 -69.6898
217.502 45.895206
-80.53791 21.331312
-76.07296 -247.37706
203.60277 74.71391
-258.87277 37.04969
126.6698 -179.7441
-172.8477 168.31955
-164.32272 -128.54115
174.40852 -15.253166
58.780846 -81.98469
22.670296 -165.96713
50.602142 114.16606
-159.23692 -26.966045
143.89247 -152.7728
-124.54877 143.47075
-240.42159 -50.956844
94.35667 -20.803383
-28.42019 121.29723
82.35041 -188.39594
40.033825 175.07225
-168.79427 -94.49414
125.6194 -126.50165
-63.287315 181.996
-145.50632 -154.42441
145.28369 108.23208
-266.83774 197.6748
187.7392 -177.48763
-94.51953 123.80693
-178.12787 -164.98904
245.62477 -6.050643
-133.72018 3.2285142
34.588856 -236.05226
13.367035 219.71098
5.21561 -203.75952
161.75967 -106.35784
-62.625484 247.78577
134.68283 -228.91374
153.34416 193.63297
-237.0479 124.91896
174.25706 -135.81654
141.83163 223.49033
-46.686596 -302.6538
220.16145 -108.158585
-187.6833 92.686
-136.26491 -113.14618
95.3648 171.19934
-245.94034 -145.86678
188.76547 31.336977
-205.56142 119.22348
80.67896 8.214902
75.63722 223.64192
-24.32804 -191.46655
