NODES 60
EDGES 174
0 1
0 2
0 3
1 2
1 3
2 3
4 1
4 2
4 3
5 1
5 2
5 3
6 1
6 2
6 5
7 0
7 3
7 6
8 1
8 3
8 6
9 1
9 2
9 3
10 3
10 4
10 6
11 2
11 3
11 5
12 8
12 10
12 5
13 4
13 6
13 7
14 13
14 4
14 5
15 8
15 1
15 10
16 9
16 5
16 1
17 13
17 3
17 5
18 1
18 3
18 5
19 18
19 4
19 5
20 2
20 12
20 6
21 1
21 2
21 13
22 5
22 14
22 6
23 1
23 5
23 14
24 13
24 5
24 6
25 8
25 10
25 21
26 1
26 21
26 22
27 16
27 21
27 14
28 24
28 26
28 10
29 8
29 3
29 14
30 18
30 3
30 21
31 10
31 2
31 19
32 0
32 27
32 5
33 24
33 8
33 22
34 11
34 20
34 5
35 8
35 1
35 3
36 3
36 12
36 15
37 9
37 3
37 12
38 16
38 5
38 6
39 8
39 10
39 4
40 3
40 4
40 5
41 11
41 12
41 5
42 20
42 5
42 30
43 8
43 10
43 14
44 8
44 1
44 3
45 2
45 36
45 15
46 10
46 26
46 4
47 1
47 5
47 14
48 46
48 29
48 38
49 5
49 46
49 47
50 5
50 14
50 23
51 48
51 3
51 47
52 48
52 24
52 2
53 26
53 3
53 5
54 48
54 47
54 15
55 1
55 51
55 28
56 3
56 12
56 13
57 16
57 52
57 5
58 3
58 4
58 14
59 32
59 19
59 30
POSITIONS
-19.351288 -19.079319
-9.09202 10.464991
-17.291624 -7.884706
-1.5951651 2.768502
-1.9586071 19.831665
-1.3140528 -26.917921
8.123327 -8.063987
4.8208685 -17.704626
16.64275 35.288956
-11.51432 -15.984359
2.9972444 40.567783
-27.41166 -28.998346
7.615591 8.2960205
16.232262 -12.468897
32.042316 -11.853817
32.55115 40.076256
2.6332784 -42.932854
12.255891 -26.15315
-34.488655 -8.624251
-41.800262 -2.8396657
-21.09174 -29.819788
-28.45968 4.3982167
20.48342 -0.6111879
23.212927 -26.499113
24.364698 -7.25879
-12.118034 45.095654
-16.9423 26.103422
-9.6563425 -41.1022
-7.8732 39.226505
40.755573 10.009139
-46.08851 -16.283165
-34.728405 19.196892
-28.947296 -45.2319
37.115124 16.745659
-26.589666 -41.29196
-0.5381452 29.931112
30.42889 29.764935
-6.167983 -6.9240575
22.15042 -35.094856
6.944952 51.747814
-14.66666 0.57421046
-20.419811 -24.455853
-37.454205 -34.916092
26.842829 37.240803
4.603713 27.424633
26.384747 27.594751
16.180008 26.022459
36.696968 1.3844308
48.70349 -0.88990504
27.496656 3.8900304
32.109104 -35.833656
30.97855 15.550023
30.475676 -28.239454
-21.997812 8.779748
55.49948 17.976952
-3.8564959 35.22361
17.27417 4.897149
15.570054 -49.91979
18.37846 11.75419
-53.57012 -27.872042
