NODES 150
EDGES 590
0 1
0 2
0 3
0 4
1 2
1 3
1 4
2 3
2 4
3 4
5 0
5 1
5 3
5 4
6 0
6 1
6 2
6 4
7 1
7 3
7 4
7 5
8 1
8 2
8 4
8 7
9 8
9 5
9 6
9 7
10 1
10 2
10 3
10 9
11 0
11 1
11 3
11 7
12 1
12 5
12 9
12 7
13 3
13 4
13 5
13 6
14 9
14 10
14 4
14 1
15 0
15 1
15 2
15 4
16 3
16 1
16 11
16 6
17 0
17 9
17 2
17 4
18 1
18 3
18 12
18 17
19 3
19 15
19 5
19 7
20 0
20 1
20 4
20 13
21 1
21 11
21 5
21 6
22 1
22 21
22 13
22 5
23 17
23 3
23 21
23 1
24 1
24 3
24 4
24 7
25 0
25 3
25 6
25 22
26 24
26 1
26 2
26 21
27 8
27 1
27 4
27 22
28 0
28 1
28 3
28 11
29 11
29 2
29 3
29 4
30 3
30 4
30 5
30 6
31 1
31 3
31 5
31 30
32 24
32 16
32 29
32 30
33 32
33 3
33 28
33 7
34 3
34 1
34 11
34 16
35 2
35 27
35 7
35 23
36 9
36 2
36 5
36 22
37 8
37 9
37 34
37 11
38 0
38 27
38 4
38 13
39 1
39 2
39 3
39 5
40 17
40 18
40 22
40 6
41 1
41 30
41 17
41 15
42 32
42 1
42 2
42 17
43 8
43 3
43 36
43 7
44 16
44 8
44 3
44 38
45 8
45 42
45 11
45 4
46 4
46 36
46 13
46 6
47 33
47 27
47 36
47 7
48 3
48 17
48 2
48 11
49 3
49 4
49 37
49 6
50 1
50 11
50 36
50 30
51 2
51 34
51 23
51 39
52 17
52 2
52 20
52 7
53 32
53 1
53 3
53 7
54 19
54 1
54 3
54 0
55 41
55 2
55 4
55 53
56 40
56 1
56 10
56 11
57 16
57 17
57 18
57 38
58 34
58 3
58 29
58 6
59 41
59 2
59 30
59 7
60 16
60 51
60 4
60 5
61 8
61 0
61 11
61 4
62 27
62 8
62 40
62 51
63 0
63 50
63 38
63 6
64 2
64 4
64 46
64 22
65 54
65 3
65 5
65 62
66 11
66 26
66 27
66 7
67 2
67 3
67 4
67 47
68 32
68 26
68 53
68 62
69 3
69 1
69 11
69 23
70 11
70 37
70 62
70 6
71 1
71 36
71 4
71 41
72 11
72 27
72 5
72 7
73 16
73 4
73 62
73 30
74 64
74 2
74 22
74 31
75 11
75 2
75 59
75 23
76 32
76 2
76 11
76 12
77 16
77 1
77 2
77 37
78 2
78 75
78 61
78 7
79 0
79 76
79 55
79 47
80 10
80 67
80 4
80 6
81 19
81 3
81 37
81 15
82 73
82 11
82 53
82 22
83 16
83 2
83 37
83 7
84 1
84 82
84 66
84 49
85 48
85 67
85 7
85 23
86 2
86 84
86 45
86 31
87 11
87 3
87 4
87 5
88 33
88 4
88 78
88 47
89 32
89 10
89 20
89 77
90 67
90 55
90 62
90 47
91 16
91 3
91 12
91 20
92 80
92 40
92 5
92 69
93 77
93 20
93 5
93 6
94 27
94 4
94 36
94 52
95 9
95 42
95 3
95 4
96 40
96 65
96 2
96 76
97 1
97 3
97 37
97 6
98 83
98 60
98 37
98 23
99 74
99 21
99 6
99 7
100 1
100 5
100 62
100 47
101 17
101 82
101 2
101 15
102 8
102 84
102 47
102 7
103 64
103 2
103 56
103 37
104 17
104 26
104 99
104 55
105 1
105 42
105 83
105 22
106 1
106 27
106 52
106 37
107 48
107 90
107 62
107 22
108 1
108 2
108 78
108 47
109 48
109 105
109 2
109 53
110 88
110 29
110 45
110 22
111 10
111 3
111 61
111 63
112 1
112 67
112 13
112 9
113 49
113 2
113 27
113 22
114 106
114 10
114 4
114 94
115 65
115 106
115 35
115 92
116 32
116 68
116 30
116 7
117 16
117 37
117 22
117 23
118 1
118 11
118 5
118 7
119 2
119 90
119 28
119 4
120 11
120 93
120 94
120 7
121 49
121 2
121 3
121 46
122 80
122 12
122 4
122 5
123 8
123 11
123 5
123 7
124 75
124 36
124 12
124 7
125 2
125 4
125 36
125 47
126 1
126 82
126 9
126 71
127 2
127 27
127 100
127 125
128 8
128 41
128 2
128 30
129 35
129 42
129 59
129 4
130 41
130 2
130 36
130 13
131 80
131 130
131 11
131 4
132 96
132 20
132 4
132 15
133 18
133 10
133 22
133 7
134 40
134 105
134 130
134 2
135 41
135 37
135 5
135 134
136 8
136 5
136 27
136 77
137 25
137 28
137 46
137 23
138 8
138 2
138 28
138 4
139 40
139 41
139 78
139 47
140 56
140 36
140 6
140 15
141 137
141 114
141 59
141 61
142 1
142 3
142 59
142 135
143 33
143 131
143 4
143 31
144 0
144 1
144 2
144 18
145 16
145 91
145 69
145 37
146 74
146 4
146 5
146 102
147 41
147 67
147 5
147 94
148 16
148 66
148 5
148 93
149 80
149 113
149 35
149 23
POSITIONS
27.918818 -36.440567
-6.751958 -20.725304
-2.3893745 21.16975
-24.137688 -38.739086
3.9027753 23.164478
18.653027 -0.42445672
13.459197 -43.878925
12.767481 26.499851
25.868551 14.517773
2.2737997 -19.187805
42.256096 -24.625862
-0.7594668 -22.407627
31.593142 -7.865124
19.587635 -25.101332
7.2257776 0.82854736
35.06812 -28.17078
-25.059772 -82.71611
-39.324425 -5.9764104
19.714937 -41.33712
36.433422 -59.35769
35.22722 -63.843414
-51.748325 -30.764929
-20.515612 11.385385
0.568239 -43.266426
-46.28026 21.752277
18.90693 -56.542294
-72.77029 14.698235
55.43048 33.653225
-8.209759 -10.927652
-59.04312 -2.96917
-33.98529 36.79753
-46.126743 29.212013
-69.576866 28.849867
-21.683653 65.4427
-48.157494 -75.586754
48.952873 41.89854
50.50941 30.136873
-1.8224301 -79.03403
60.774967 -52.959282
-42.640816 -39.915554
30.331629 10.608287
-8.566532 58.943996
-56.315884 18.16661
56.357418 22.380955
21.898851 -65.380226
-43.597786 45.744263
43.49511 -14.347437
19.112072 96.62517
-59.118076 -12.963293
4.2162037 -27.57972
28.920828 -20.049294
-50.49335 -38.901268
57.876225 -0.67455864
-70.727905 27.46973
51.751793 -48.56464
-50.118458 74.43603
55.236866 -40.051067
3.3545067 -76.67003
-57.740597 -64.271484
20.000298 56.76321
-39.78309 -55.129208
65.18047 10.266679
-5.7633414 42.2917
57.849907 -62.097794
-27.84607 5.7974796
70.88191 -9.698702
-1.0264287 12.869667
-14.624192 44.014057
-81.84874 55.45547
7.407749 -74.518234
2.6282344 -52.572464
-20.106382 33.8255
43.301804 2.0661569
-56.093002 13.380219
-53.228653 34.01293
30.266104 29.439135
15.172297 40.704132
8.650133 -74.81021
40.025455 75.702324
2.476899 66.45364
39.73127 41.371178
25.995214 -86.29511
-73.051704 9.8701
-44.76506 -49.42696
-39.108192 35.263783
-47.76252 9.96114
-65.11972 56.30416
-24.546793 -33.83514
-8.474094 99.35815
10.760991 -66.36119
-31.521002 93.95313
6.0648317 -88.067345
77.69563 -2.749792
40.774433 -71.470245
78.25942 34.96235
-47.60821 -8.130504
65.544655 8.586781
-22.524576 -74.08268
-45.904377 -91.3736
-60.163857 3.4223256
27.789389 58.10391
-44.74339 -15.250205
-0.89561516 86.63765
12.552115 -46.298256
-86.68288 24.383944
-81.9902 -6.165722
74.76651 -7.1158276
-53.151096 59.397034
16.442635 68.06093
-93.472046 7.901106
-59.39 61.854412
70.685135 -50.831425
-13.177393 -19.563774
39.562576 40.788643
90.26095 15.640302
95.4691 5.65038
-61.13941 60.813236
-43.270073 -70.58859
-27.19402 9.86019
-33.050694 60.84884
64.68382 -19.464514
27.449541 -32.378117
41.94592 37.981552
30.68843 5.0947595
68.52765 29.091722
39.13162 69.42618
-56.856518 -6.490203
54.11765 73.74028
-12.07037 58.94662
3.922073 75.251396
12.668607 49.380356
4.536088 61.674805
71.892166 -17.857067
25.607264 -0.46278498
-24.604725 33.093388
-40.890663 3.1280086
60.677044 -10.795646
57.70452 -27.912523
8.288506 21.991854
35.333847 89.81311
68.78897 -41.183186
86.80529 22.878881
-38.34122 1.0620556
-29.236738 86.4364
17.141344 -45.305355
-9.550446 -104.37005
-25.05163 67.262085
16.513483 56.475605
0.8687461 -67.20359
56.81589 48.158794
