NODES 150
EDGES 297
0 1
0 2
1 2
3 0
3 1
4 0
4 2
5 0
5 1
6 0
6 2
7 1
7 3
8 0
8 1
9 2
9 6
10 2
10 7
11 3
11 7
12 0
12 3
13 0
13 4
14 9
14 2
15 12
15 13
16 2
16 6
17 0
17 6
18 17
18 7
19 0
19 2
20 0
20 4
21 0
21 1
22 0
22 2
23 8
23 0
24 9
24 21
25 1
25 9
26 17
26 21
27 0
27 2
28 17
28 7
29 21
29 13
30 4
30 28
31 9
31 11
32 8
32 19
33 2
33 7
34 5
34 6
35 1
35 21
36 1
36 9
37 0
37 19
38 0
38 21
39 17
39 37
40 2
40 3
41 2
41 30
42 24
42 13
43 2
43 7
44 36
44 13
45 24
45 2
46 19
46 11
47 0
47 36
48 20
48 45
49 0
49 20
50 2
50 3
51 20
51 6
52 24
52 25
53 9
53 20
54 25
54 2
55 0
55 7
56 20
56 22
57 9
57 2
58 19
58 4
59 0
59 7
60 41
60 49
61 59
61 12
62 8
62 9
63 45
63 31
64 0
64 4
65 36
65 4
66 8
66 5
67 50
67 11
68 0
68 2
69 19
69 4
70 32
70 47
71 4
71 55
72 19
72 36
73 0
73 47
74 3
74 15
75 0
75 61
76 2
76 55
77 52
77 13
78 5
78 21
79 61
79 69
80 11
80 22
81 0
81 11
82 67
82 79
83 33
83 10
84 10
84 20
85 2
85 58
86 0
86 14
87 32
87 19
88 75
88 4
89 4
89 5
90 81
90 55
91 56
91 9
92 73
92 9
93 2
93 20
94 8
94 20
95 75
95 12
96 4
96 31
97 0
97 95
98 91
98 54
99 0
99 96
100 2
100 31
101 24
101 20
102 20
102 23
103 8
103 57
104 24
104 0
105 19
105 11
106 11
106 7
107 97
107 90
108 53
108 5
109 49
109 91
110 3
110 19
111 0
111 7
112 0
112 78
113 67
113 7
114 0
114 109
115 42
115 87
116 18
116 13
117 113
117 20
118 90
118 67
119 9
119 90
120 90
120 15
121 98
121 53
122 0
122 65
123 0
123 50
124 12
124 31
125 39
125 95
126 0
126 118
127 1
127 29
128 0
128 22
129 41
129 118
130 88
130 77
131 20
131 69
132 3
132 131
133 80
133 20
134 3
134 95
135 2
135 99
136 8
136 18
137 16
137 20
138 8
138 0
139 44
139 118
140 90
140 7
141 75
141 21
142 17
142 3
143 57
143 20
144 107
144 85
145 21
145 103
146 97
146 4
147 0
147 111
148 144
148 67
149 21
149 87
POSITIONS
51.70673 -50.491215
33.632492 2.8097167
-40.729126 -0.18917738
41.8034 111.21937
-32.03632 -89.75385
202.27878 0.74957615
-12.4894705 59.723087
-80.03205 -34.68038
134.63422 12.682573
-109.891266 -5.5164523
0.95800567 -198.23845
-65.17159 66.84124
-97.89957 87.96109
108.93349 -17.693027
-105.19573 39.671383
-3.790433 -56.052895
-32.04377 203.67445
-0.38574502 1.7758614
92.644485 -45.236965
58.805336 157.95656
-96.265564 -119.2157
158.82764 -8.262076
-117.79288 -38.499077
190.30566 -168.62488
60.323246 20.462017
-181.24861 -62.1648
149.90648 -114.629776
36.834553 63.02425
-176.74582 -157.67049
87.92126 113.354256
-269.651 -127.99485
15.110304 -30.230576
188.97198 192.11313
-131.32787 -197.60759
258.24753 84.35681
31.382063 141.47736
7.3662667 -160.45926
169.45203 45.80315
-40.384132 -47.6932
102.402565 -128.25748
-62.29617 214.09921
-127.824234 -113.9506
294.41235 84.700806
-203.22925 44.574657
244.98766 -144.6476
90.15432 151.56781
-161.59872 163.29185
176.59207 -217.15872
-127.153595 107.8048
-46.702816 -259.02094
131.06213 93.43728
-241.86844 4.0363045
-65.535866 -128.14168
-130.08061 140.2728
-313.9147 -32.093437
87.745705 42.87921
-286.4365 -79.44527
-167.28351 -90.95674
-55.288105 175.36072
-133.76399 19.732798
13.5980835 -350.97647
-221.64668 204.19267
-28.51459 -135.099
239.28018 125.16035
-164.79373 11.942708
7.3129253 -295.59982
249.22559 155.5756
-24.083485 168.29463
153.80246 -77.22608
-60.061478 246.01578
199.19263 -98.52216
201.5292 54.129395
-193.08376 -2.9947228
262.15314 -117.64119
34.17498 237.77806
-120.56292 -70.37896
219.54576 27.688322
-201.3078 -104.04622
268.12128 -203.31413
-130.17029 416.51114
-215.17236 -148.35202
110.89869 64.96855
-143.98271 374.4702
-102.330795 -382.42285
110.1721 -97.21649
-26.528324 91.764694
75.93041 -146.21501
264.98053 272.50946
-213.267 -226.4893
230.94623 -102.48565
10.389547 117.330124
-343.38922 -118.44442
178.61992 76.46315
-232.90671 -121.71571
175.99728 -139.90205
-50.557285 129.28137
-63.764008 -231.92563
189.40358 -32.093983
-426.35062 68.242355
-23.805737 -303.05832
118.47683 122.857925
-176.15955 -125.26444
241.85959 -184.99413
-130.00417 172.42023
51.61825 -125.40907
101.78571 275.15854
-236.60185 86.848
294.26077 -66.661026
69.83663 276.96313
-274.74966 -318.04138
172.88632 256.93774
-61.937275 98.863
172.8035 -280.64908
-16.637508 -26.244284
-242.03658 -212.4782
410.49878 207.7761
117.214966 174.15742
-79.3264 -266.6652
153.21754 282.19736
-239.16734 148.0433
45.755466 -156.86989
-304.28348 276.4007
-83.676796 -298.64093
275.4429 10.97372
-207.63684 142.58183
-25.799704 -180.68782
240.49272 189.72018
-158.98941 111.042206
82.55482 -177.51607
-0.07108378 284.5463
-354.64954 -245.94138
-2.3395932 191.77196
-118.66782 287.40692
-175.21999 -303.45142
29.433249 319.6236
-138.3007 -260.56137
305.13876 -36.566696
-171.29965 193.78598
90.42748 -208.5306
368.3257 137.4044
-256.7403 61.97948
121.22533 -195.59288
-27.081228 267.38672
-227.4472 -263.469
216.01456 -49.866306
-74.30897 274.667
123.818954 -244.01717
85.18723 205.96474
-144.56136 -12.851303
339.13672 124.28943
