NODES 120
EDGES 470
0 1
0 2
0 3
0 4
1 2
1 3
1 4
2 3
2 4
3 4
5 1
5 2
5 3
5 4
6 0
6 2
6 3
6 4
7 0
7 1
7 4
7 6
8 0
8 3
8 5
8 7
9 8
9 0
9 5
9 7
10 8
10 1
10 3
10 4
11 1
11 3
11 6
11 7
12 0
12 8
12 4
12 5
13 8
13 1
13 10
13 5
14 0
14 2
14 3
14 5
15 0
15 1
15 3
15 13
16 0
16 5
16 13
16 14
17 16
17 5
17 13
17 14
18 1
18 3
18 15
18 7
19 17
19 13
19 14
19 7
20 0
20 3
20 5
20 7
21 2
21 11
21 20
21 7
22 8
22 1
22 20
22 5
23 1
23 5
23 6
23 14
24 16
24 1
24 3
24 7
25 16
25 1
25 2
25 13
26 0
26 1
26 23
26 7
27 1
27 7
27 22
27 23
28 1
28 2
28 4
28 5
29 0
29 24
29 11
29 19
30 16
30 19
30 5
30 22
31 24
31 3
31 29
31 14
32 2
32 26
32 4
32 7
33 16
33 20
33 13
33 22
34 18
34 2
34 28
34 7
35 1
35 20
35 5
35 22
36 0
36 28
36 21
36 31
37 4
37 7
37 22
37 15
38 24
38 27
38 30
38 22
39 11
39 20
39 21
39 6
40 2
40 18
40 28
40 4
41 0
41 13
41 5
41 38
42 34
42 3
42 5
42 7
43 17
43 18
43 3
43 4
44 5
44 28
44 13
44 36
45 34
45 11
45 5
45 23
46 0
46 17
46 2
46 7
47 0
47 2
47 28
47 7
48 24
48 17
48 7
48 39
49 16
49 12
49 46
49 7
50 0
50 49
50 1
50 23
51 16
51 4
51 36
51 47
52 8
52 10
52 13
52 14
53 8
53 1
53 27
53 37
54 43
54 34
54 5
54 21
55 8
55 3
55 28
55 54
56 34
56 12
56 23
56 7
57 23
57 4
57 46
57 6
58 18
58 42
58 44
58 5
59 1
59 4
59 54
59 7
60 1
60 3
60 5
60 7
61 1
61 27
61 13
61 7
62 1
62 4
62 13
62 7
63 19
63 59
63 52
63 12
64 0
64 59
64 62
64 7
65 1
65 3
65 6
65 23
66 0
66 19
66 20
66 12
67 24
67 12
67 5
67 54
68 1
68 30
68 22
68 7
69 40
69 66
69 4
69 50
70 64
70 16
70 61
70 24
71 1
71 28
71 12
71 31
72 24
72 49
72 2
72 7
73 56
73 4
73 5
73 31
74 42
74 3
74 28
74 7
75 0
75 5
75 14
75 71
76 24
76 41
76 4
76 44
77 0
77 3
77 59
77 23
78 8
78 24
78 75
78 6
79 46
79 74
79 2
79 22
80 16
80 8
80 63
80 47
81 51
81 34
81 11
81 5
82 1
82 5
82 14
82 23
83 32
83 16
83 48
83 4
84 8
84 0
84 56
84 3
85 16
85 66
85 23
85 31
86 31
86 36
86 7
86 71
87 64
87 0
87 70
87 6
88 1
88 2
88 52
88 31
89 8
89 30
89 14
89 79
90 8
90 41
90 83
90 73
91 9
91 58
91 52
91 31
92 64
92 40
92 52
92 78
93 51
93 19
93 12
93 61
94 19
94 4
94 85
94 14
95 1
95 3
95 29
95 22
96 24
96 17
96 2
96 71
97 1
97 11
97 54
97 51
98 2
98 91
98 4
98 45
99 64
99 2
99 27
99 12
100 27
100 91
100 20
100 7
101 2
101 34
101 53
101 22
102 1
102 75
102 99
102 43
103 11
103 12
103 13
103 23
104 52
104 4
104 44
104 7
105 48
105 73
105 35
105 71
106 12
106 77
106 22
106 6
107 64
107 65
107 100
107 93
108 0
108 7
108 38
108 79
109 24
109 100
109 20
109 5
110 0
110 16
110 20
110 46
111 1
111 11
111 60
111 51
112 1
112 26
112 42
112 13
113 88
113 33
113 70
113 31
114 4
114 20
114 5
114 22
115 1
115 13
115 5
115 55
116 80
116 1
116 74
116 7
117 80
117 33
117 32
117 110
118 28
118 20
118 61
118 78
119 64
119 41
119 75
119 44
POSITIONS
22.485476 -11.158904
8.883942 21.88162
-3.984176 8.2351465
9.5144 2.2982159
-19.369398 24.537264
-6.0184517 -18.135445
52.03483 -34.61992
31.916409 21.956715
-5.0294375 35.679806
2.0039587 -4.230176
-38.936394 42.433563
33.87031 -44.986732
29.381035 -23.001217
-40.4209 15.161293
-30.694525 -24.95908
2.3732543 52.53575
-28.810884 3.1538336
-37.845768 -17.48156
-8.753554 22.627459
-29.923645 17.71344
55.377144 16.223043
41.623 -31.56738
39.224197 60.196003
43.94276 -42.173416
-12.5936 -37.21307
-40.870296 27.262236
36.4911 2.1134288
54.721413 37.3383
-22.469774 5.881648
-19.804546 -26.39477
6.163515 49.988247
-67.00527 -24.18923
-5.729626 60.79986
-14.39366 55.325226
15.637542 -23.33532
14.769322 49.204227
-38.763615 -42.686783
21.041492 76.64143
26.345213 44.054123
65.184975 -33.17197
-30.953857 40.546085
-51.42885 -10.309258
17.479242 -29.189596
-34.70783 -11.72894
-61.83844 -36.527893
8.754112 -60.225075
56.06733 4.6041274
-17.630558 38.45065
-16.918718 0.50803375
66.13481 -1.6441779
65.6653 -8.324684
-10.653366 -10.066187
-65.47788 26.55414
31.332634 75.04324
8.0175705 -51.370728
-21.134678 -12.234675
38.55282 -15.94276
61.38182 -23.4744
-30.928818 -40.844666
19.02671 1.2907343
22.302263 28.808167
39.85388 8.660883
-14.456578 35.01988
-26.694536 47.607994
-3.4504936 -32.08812
61.584465 -7.7493443
26.757666 -1.2108405
12.950993 -63.098232
30.720034 66.47839
26.658978 36.342648
-17.757841 -51.07932
-58.461056 -18.145275
46.64804 -8.436042
-55.77284 13.637221
38.93029 39.82011
-38.993694 -56.53093
-65.764656 -31.741505
60.951393 -29.962791
-6.730376 -47.98961
59.774464 48.394547
-18.954834 72.414536
17.282398 -50.25856
3.2507677 -44.997158
-48.849674 47.634064
42.173336 -1.1750909
-39.56684 -32.19916
-62.640316 -13.930159
16.256607 -67.11218
-67.76774 11.497216
15.452491 39.41373
-66.619316 38.449104
-43.9156 -11.869921
-54.81889 1.218977
34.259933 7.020139
-65.91121 -1.9522042
1.6044917 44.006023
-51.29077 -36.248455
15.190534 -44.2322
-41.99388 -22.050922
8.417503 -17.640781
66.95543 21.566317
26.693384 57.80003
-36.14802 -37.660553
30.273098 -54.701324
-53.773502 23.567362
-54.246773 31.477476
77.42146 -13.941305
63.962498 15.971095
65.98755 37.052364
53.647903 -14.203472
46.027615 28.16882
24.557766 8.321949
7.144878 -19.818737
-64.1994 -3.1095839
33.019203 46.100735
-31.334951 -6.0325813
18.812338 68.07464
-0.10659525 82.454216
41.572933 -19.14644
-59.48961 -56.42363
