NODES 165
EDGES 489
0 1
0 2
0 3
1 2
1 3
2 3
4 1
4 2
4 3
5 1
5 3
5 4
6 2
6 3
6 4
7 1
7 2
7 4
8 3
8 5
8 6
9 2
9 3
9 6
10 0
10 3
10 6
11 4
11 5
11 7
12 10
12 3
12 6
13 0
13 9
13 3
14 1
14 12
14 6
15 0
15 1
15 6
16 9
16 1
16 14
17 2
17 3
17 6
18 0
18 3
18 5
19 1
19 3
19 17
20 17
20 5
20 14
21 8
21 4
21 6
22 0
22 8
22 3
23 2
23 6
23 7
24 8
24 11
24 13
25 21
25 4
25 20
26 0
26 25
26 6
27 10
27 5
27 13
28 1
28 2
28 14
29 8
29 2
29 14
30 8
30 25
30 4
31 28
31 6
31 30
32 1
32 11
32 12
33 0
33 1
33 25
34 9
34 12
34 21
35 11
35 6
35 7
36 9
36 6
36 17
37 8
37 25
37 26
38 0
38 2
38 28
39 26
39 3
39 13
40 1
40 5
40 37
41 9
41 2
41 19
42 3
42 21
42 15
43 0
43 3
43 4
44 12
44 4
44 37
45 44
45 6
45 39
46 18
46 20
46 5
47 0
47 24
47 5
48 8
48 4
48 39
49 20
49 13
49 30
50 32
50 19
50 12
51 3
51 33
51 11
52 40
52 4
52 30
53 0
53 9
53 51
54 8
54 4
54 5
55 1
55 28
55 5
56 51
56 52
56 37
57 9
57 43
57 14
58 1
58 5
58 14
59 16
59 1
59 6
60 8
60 16
60 5
61 25
61 11
61 55
62 42
62 10
62 20
63 32
63 3
63 5
64 1
64 15
64 39
65 8
65 57
65 42
66 48
66 8
66 14
67 10
67 4
67 21
68 2
68 11
68 6
69 1
69 50
69 4
70 25
70 44
70 13
71 16
71 33
71 5
72 9
72 2
72 71
73 1
73 51
73 47
74 19
74 15
74 7
75 40
75 2
75 12
76 40
76 1
76 3
77 5
77 69
77 6
78 0
78 11
78 6
79 72
79 0
79 60
80 15
80 61
80 7
81 25
81 1
81 57
82 9
82 6
82 57
83 80
83 33
83 19
84 11
84 50
84 3
85 8
85 1
85 4
86 65
86 18
86 3
87 56
87 4
87 46
88 41
88 3
88 44
89 1
89 19
89 63
90 4
90 85
90 70
91 89
91 12
91 87
92 1
92 43
92 86
93 32
93 43
93 6
94 74
94 13
94 30
95 16
95 12
95 86
96 25
96 51
96 63
97 80
97 40
97 44
98 40
98 26
98 6
99 0
99 66
99 11
100 40
100 3
100 87
101 2
101 4
101 21
102 8
102 10
102 101
103 42
103 6
103 39
104 66
104 45
104 87
105 25
105 12
105 28
106 16
106 29
106 55
107 25
107 60
107 9
108 87
108 62
108 79
109 93
109 36
109 45
110 32
110 33
110 47
111 13
111 85
111 62
112 26
112 68
112 95
113 92
113 6
113 84
114 102
114 30
114 111
115 88
115 1
115 11
116 1
116 2
116 6
117 80
117 17
117 97
118 1
118 12
118 6
119 6
119 86
119 15
120 1
120 30
120 111
121 1
121 90
121 102
122 57
122 53
122 78
123 0
123 45
123 14
124 89
124 63
124 7
125 98
125 68
125 86
126 2
126 116
126 66
127 8
127 1
127 21
128 42
128 6
128 15
129 9
129 53
129 126
130 16
130 0
130 124
131 19
131 22
131 39
132 56
132 51
132 39
133 65
133 66
133 59
134 28
134 4
134 55
135 57
135 100
135 30
136 16
136 1
136 43
137 0
137 11
137 14
138 8
138 50
138 75
139 9
139 130
139 4
140 8
140 106
140 39
141 98
141 3
141 6
142 88
142 25
142 18
143 33
143 92
143 9
144 8
144 61
144 70
145 82
145 78
145 15
146 73
146 46
146 47
147 8
147 86
147 6
148 81
148 3
148 141
149 72
149 56
149 79
150 0
150 83
150 52
151 8
151 82
151 4
152 89
152 54
152 103
153 116
153 30
153 6
154 52
154 14
154 135
155 57
155 98
155 67
156 9
156 3
156 12
157 104
157 61
157 30
158 66
158 10
158 50
159 89
159 11
159 25
160 83
160 29
160 110
161 73
161 1
161 97
162 89
162 25
162 41
163 32
163 16
163 4
164 10
164 13
164 71
POSITIONS
-17.32647 -27.202187
-13.636479 -3.5070117
3.4680223 -34.277557
17.031584 -3.66468
9.936268 23.799099
-31.290379 29.120281
53.460033 -33.458496
-13.428118 -39.002117
34.37447 41.05864
7.618777 -52.823093
52.8252 34.079185
-29.931295 -39.162796
16.175158 -22.634638
14.210675 58.013382
-28.254175 -23.029245
57.428226 -15.145183
-30.415646 -53.483795
3.2226925 -12.23801
-16.225891 13.943569
-2.6236017 -0.8898579
-23.164743 59.635654
65.92397 30.415895
27.782185 18.777742
23.02424 -57.57233
-21.043324 26.392344
-24.133411 39.413742
43.95629 1.2931254
21.364433 63.6365
-50.949505 -25.428236
-49.634052 -15.56791
6.899696 77.41896
1.4333056 12.502241
-39.338524 -51.938587
-72.773605 -22.336847
48.060852 -19.776001
2.2395732 -68.398636
35.83282 -68.02202
-7.1194897 62.140034
-44.21805 -54.591206
42.096264 30.020096
-13.332274 50.12193
-19.589478 -17.793985
87.03375 16.215544
6.327372 -63.985104
-8.63381 39.9242
28.383934 -13.758917
-60.865395 61.725945
-86.93112 12.337478
53.252888 26.366257
-2.458812 94.69909
27.310871 -26.097496
-72.18104 -1.748352
-45.88673 67.10327
-17.479298 -80.64957
25.226128 53.39641
-67.64173 8.429505
-65.29897 72.32638
41.17345 -49.076588
-44.36655 2.346991
29.538363 -53.614025
-40.963333 29.73132
-50.943264 46.431854
36.575672 84.18682
-57.9374 -21.225117
49.71634 9.188364
86.99834 -24.734379
41.847034 -13.176282
81.042725 30.37325
53.119923 -65.39456
15.700192 7.0239277
-2.3397563 86.76635
-56.840668 4.2310047
-56.934803 11.091553
-97.58154 20.614376
31.23314 10.94128
21.597118 10.52798
-5.9951205 25.306536
26.721807 5.0693965
25.270903 -79.14461
-63.689457 50.294712
-57.52864 19.058228
32.63743 -6.4307594
64.10754 -57.01782
-88.682915 -4.657574
19.180288 -62.33933
30.095787 70.80625
71.85254 -45.07845
-39.40781 77.57168
-32.44723 7.34929
-36.764458 -3.8844776
26.165983 89.417595
-34.65577 21.052725
17.853422 -80.25573
11.314447 -85.62057
24.679602 73.928185
44.97646 -69.264496
-76.71509 10.814934
-68.66719 46.384895
82.05543 -10.116679
-6.726906 -50.88096
-24.934288 67.713524
58.36878 43.15435
61.65268 78.32189
81.4386 21.597286
2.2341087 48.37699
-40.536045 -5.24383
-59.267838 -11.496926
-27.883179 12.741308
-29.514715 96.84878
32.812096 -85.445885
-98.399414 -29.879011
35.43424 103.69717
68.127686 -65.25368
43.062687 -85.38559
45.239216 109.28018
-43.985893 -25.597214
36.396935 -41.490376
-64.62941 29.191166
29.704052 -34.32009
87.53129 -42.377926
14.156844 87.06149
39.31499 76.47908
19.926565 -98.36396
-14.267508 -46.399956
-56.989338 -55.903446
93.15949 -54.267887
29.621765 -70.38418
49.01344 46.392677
94.67486 -9.107314
4.7729135 -96.497185
-44.20047 -73.33903
33.667603 26.15462
-46.46619 53.63004
74.66296 -49.917076
-60.979927 -1.2775158
-22.33393 52.117764
-23.43928 -67.212456
-49.98806 -48.935127
46.334263 15.50102
-15.045322 -60.70656
9.923541 37.36444
78.151405 -20.834097
-46.37445 30.474419
-27.03088 -79.1178
-11.823725 84.495255
67.963 -73.38315
-105.74719 40.45412
81.635765 -16.0092
68.24133 -10.801199
-83.40962 60.87835
-77.16386 20.19339
61.366405 8.546419
45.667103 42.299725
55.241077 3.06163
-56.48791 42.8126
97.083145 -13.652193
21.388964 -42.94533
-23.019154 82.53871
66.06062 0.6497349
-49.70392 -5.349441
-104.6924 -22.004087
-85.409706 31.81616
-42.54471 10.826497
-42.697586 -42.51379
5.40846 52.85232
