NODES 165
EDGES 650
0 1
0 2
0 3
0 4
1 2
1 3
1 4
2 3
2 4
3 4
5 1
5 2
5 3
5 4
6 0
6 1
6 2
6 4
7 2
7 3
7 5
7 6
8 1
8 2
8 4
8 6
9 1
9 4
9 6
9 7
10 0
10 3
10 4
10 5
11 9
11 10
11 3
11 6
12 0
12 2
12 3
12 4
13 0
13 1
13 2
13 11
14 0
14 2
14 10
14 6
15 8
15 1
15 4
15 5
16 1
16 4
16 6
16 15
17 0
17 2
17 4
17 5
18 2
18 10
18 11
18 15
19 3
19 10
19 2
19 12
20 0
20 9
20 5
20 6
21 0
21 1
21 2
21 9
22 8
22 2
22 10
22 4
23 18
23 3
23 4
23 22
24 1
24 19
24 20
24 4
25 8
25 1
25 18
25 15
26 8
26 1
26 10
26 7
27 9
27 2
27 6
27 1
28 1
28 2
28 12
28 5
29 24
29 9
29 2
29 10
30 1
30 4
30 17
30 23
31 1
31 19
31 12
31 22
32 0
32 19
32 5
32 6
33 1
33 18
33 5
33 6
34 18
34 15
34 21
34 23
35 28
35 5
35 6
35 23
36 0
36 3
36 4
36 22
37 25
37 18
37 22
37 14
38 2
38 4
38 29
38 6
39 17
39 13
39 38
39 23
40 16
40 26
40 13
40 22
41 9
41 1
41 30
41 25
42 40
42 9
42 2
42 6
43 3
43 39
43 14
43 23
44 0
44 11
44 14
44 31
45 34
45 11
45 36
45 31
46 0
46 19
46 22
46 6
47 0
47 19
47 21
47 14
48 24
48 16
48 19
48 23
49 8
49 19
49 5
49 6
50 34
50 2
50 4
50 47
51 21
51 5
51 6
51 14
52 8
52 4
52 30
52 15
53 51
53 12
53 36
53 6
54 53
54 3
54 44
54 28
55 0
55 49
55 10
55 37
56 19
56 22
56 6
56 14
57 25
57 2
57 20
57 37
58 24
58 2
58 28
58 38
59 0
59 1
59 2
59 50
60 2
60 10
60 5
60 47
61 49
61 42
61 4
61 53
62 57
62 10
62 5
62 23
63 56
63 18
63 4
63 22
64 18
64 5
64 61
64 55
65 10
65 18
65 3
65 30
66 9
66 2
66 46
66 22
67 64
67 1
67 15
67 49
68 40
68 9
68 67
68 29
69 0
69 8
69 58
69 20
70 3
70 43
70 38
70 23
71 24
71 21
71 5
71 54
72 0
72 25
72 5
72 14
73 33
73 13
73 46
73 15
74 34
74 66
74 30
74 7
75 11
75 34
75 2
75 4
76 65
76 12
76 13
76 57
77 24
77 9
77 5
77 47
78 26
78 11
78 13
78 31
79 2
79 4
79 21
79 14
80 0
80 25
80 51
80 36
81 58
81 76
81 20
81 68
82 32
82 1
82 5
82 15
83 0
83 49
83 58
83 29
84 25
84 50
84 12
84 37
85 1
85 28
85 54
85 6
86 0
86 75
86 77
86 7
87 18
87 53
87 54
87 47
88 80
88 9
88 60
88 6
89 29
89 10
89 55
89 23
90 24
90 27
90 22
90 23
91 3
91 51
91 83
91 60
92 66
92 27
92 86
92 14
93 59
93 18
93 5
93 77
94 1
94 2
94 19
94 5
95 24
95 58
95 12
95 15
96 45
96 61
96 6
96 47
97 33
97 3
97 44
97 14
98 65
98 10
98 3
98 20
99 15
99 85
99 54
99 63
100 8
100 18
100 26
100 66
101 1
101 19
101 36
101 23
102 1
102 35
102 21
102 22
103 10
103 39
103 38
103 7
104 2
104 26
104 4
104 36
105 1
105 42
105 35
105 70
106 0
106 67
106 85
106 47
107 106
107 74
107 6
107 23
108 24
108 1
108 28
108 93
109 80
109 3
109 6
109 23
110 16
110 9
110 92
110 22
111 2
111 81
111 18
111 19
112 16
112 8
112 26
112 46
113 50
113 2
113 34
113 63
114 65
114 105
114 99
114 14
115 1
115 19
115 4
115 30
116 104
116 17
116 70
116 47
117 81
117 21
117 29
117 103
118 0
118 51
118 5
118 15
119 3
119 93
119 5
119 30
120 16
120 89
120 61
120 97
121 72
121 106
121 85
121 6
122 0
122 8
122 115
122 89
123 16
123 11
123 3
123 36
124 16
124 9
124 19
124 14
125 17
125 18
125 42
125 103
126 80
126 41
126 37
126 22
127 33
127 2
127 44
127 4
128 2
128 58
128 13
128 6
129 99
129 44
129 61
129 15
130 24
130 20
130 6
130 23
131 120
131 0
131 26
131 33
132 25
132 122
132 78
132 6
133 25
133 2
133 37
133 5
134 24
134 109
134 53
134 78
135 1
135 100
135 127
135 15
136 24
136 1
136 74
136 20
137 0
137 35
137 23
137 63
138 83
138 59
138 61
138 87
139 56
139 27
139 83
139 123
140 138
140 28
140 122
140 55
141 96
141 114
141 115
141 5
142 66
142 3
142 12
142 5
143 8
143 68
143 95
143 15
144 16
144 0
144 19
144 139
145 8
145 1
145 141
145 15
146 1
146 28
146 22
146 84
147 58
147 115
147 70
147 63
148 8
148 35
148 116
148 30
149 122
149 5
149 22
149 30
150 17
150 2
150 3
150 46
151 104
151 1
151 18
151 3
152 38
152 34
152 51
152 54
153 0
153 2
153 122
153 22
154 59
154 124
154 110
154 95
155 8
155 1
155 115
155 47
156 9
156 130
156 46
156 30
157 32
157 66
157 12
157 29
158 104
158 9
158 78
158 1
159 102
159 69
159 78
159 103
160 2
160 51
160 23
160 71
161 24
161 57
161 56
161 10
162 12
162 4
162 94
162 31
163 19
163 59
163 5
163 86
164 0
164 132
164 30
164 47
POSITIONS
-7.2028046 -7.751308
-24.16098 44.24058
23.919636 -0.62478995
7.5526037 54.37366
-36.908077 -18.325098
30.769768 30.665829
-16.636969 75.34707
-66.75113 -29.280571
-0.19152658 23.373663
-54.803337 34.932686
42.086185 -45.0026
133.6153 -6.4321747
-31.372417 13.170713
146.36284 -90.51302
21.995874 116.99185
-16.57465 -42.978863
147.91835 47.349174
-130.87154 24.648485
68.23924 -26.498398
46.71221 96.67805
-46.5381 -54.183758
125.53177 24.497526
16.878147 85.11067
13.25125 -31.62254
-40.516865 139.70262
-76.89982 -82.800735
80.51168 -99.97454
21.558714 199.8923
-91.27996 -8.966063
148.65324 -34.611248
-144.38435 -59.64106
97.4694 -41.403427
58.774147 175.18439
17.305359 -95.54067
201.50941 -12.084307
-130.0985 86.96394
-15.149208 -74.931564
61.529057 39.20048
-61.434708 2.4111865
-40.026546 -158.18622
219.91518 54.79781
-223.02393 -48.26862
122.814354 67.16871
-116.181046 -37.591698
14.786219 -63.68107
100.442795 44.350822
-67.254166 91.085304
38.696133 61.696053
-32.011646 213.59224
-45.098007 -86.14068
106.6507 119.12405
-39.953705 107.71312
-71.930504 -160.59421
-36.89317 173.32166
-78.45324 58.292873
114.30511 -101.23951
-10.954281 237.68071
11.20755 -186.5561
84.29236 16.853333
-90.446846 23.002829
101.94686 -130.70773
-47.44219 66.135704
-26.509085 -224.299
75.62715 110.35833
-123.1015 -6.339547
-5.9275146 -159.52628
52.633656 216.171
-184.06953 -75.87712
138.92303 -121.65653
-109.64513 48.576107
43.866497 -76.992836
111.78817 200.46925
-150.66702 111.48224
89.795586 -214.80414
50.8524 130.65523
96.4955 -162.19699
159.95723 -233.20987
-120.365715 121.71606
75.38821 -186.23404
118.68805 148.75708
-199.07364 -27.059258
186.91356 -175.62563
-9.884988 190.4754
50.073948 -155.3812
165.59308 -7.4850926
-216.93312 93.61543
98.65446 -73.59359
-8.5665045 141.477
-148.71715 -158.96242
197.22353 -127.7762
-141.23619 181.5315
4.839957 -217.91516
154.10359 240.92493
-187.32642 18.96225
180.53267 -36.234493
-98.33036 83.36457
-20.38709 -106.46146
188.37448 17.089157
-173.22215 -45.78805
-120.29855 -101.7553
80.784004 141.94485
-114.4688 -70.47524
125.59165 -56.68655
-104.858955 -225.80608
-103.93077 -160.3875
98.66106 88.15348
-205.47449 54.927677
101.84906 -9.807024
-149.80579 212.36142
-87.949326 -52.769196
184.14491 87.80837
-8.041871 106.0815
126.52805 -151.14421
228.46463 147.48946
-84.56571 -189.99551
55.579815 2.8735194
-187.38695 81.322174
120.93219 -253.39905
73.0909 68.95584
-233.58354 39.64884
290.92715 -38.039883
-261.4958 182.59363
-101.936195 -128.44958
238.2235 28.552706
-63.8412 190.57802
-20.768574 -187.87547
-92.0426 149.29323
-134.97209 -130.1337
182.04097 -95.62328
-89.32625 114.20176
-155.20811 -89.699036
229.61649 -137.62088
-199.24348 -110.20799
70.00222 -130.37172
94.449036 170.84161
-213.96829 1.2441806
152.89696 121.150276
-123.7629 153.5274
-176.9822 -134.73837
199.21858 197.54651
-227.83826 -180.81969
35.53146 -208.87695
21.041769 237.55797
-69.93702 -128.65985
249.7167 123.56777
-146.76093 -27.723476
46.380253 -108.88774
208.97276 111.508
-280.0706 52.80125
2.6026268 -128.7027
-109.30372 183.5876
-52.589188 -191.14531
130.75034 98.08342
-142.19995 54.539383
70.474365 -58.735916
79.81243 199.296
-271.6359 -62.657276
236.13708 94.59262
-159.11455 1.7706004
-30.089493 -287.62268
150.40018 153.03207
-173.48018 47.805153
155.88231 -163.85738
13.775835 168.8532
-209.43636 -140.54123
