NODES 165
EDGES 489
0 1
0 2
0 3
1 2
1 3
2 3
4 1
4 2
4 3
5 1
5 3
5 4
6 2
6 3
6 4
7 1
7 2
7 4
8 3
8 5
8 6
9 2
9 3
9 6
10 0
10 3
10 6
11 4
11 5
11 7
12 10
12 3
12 6
13 0
13 9
13 3
14 1
14 12
14 6
15 0
15 1
15 6
16 9
16 1
16 14
17 2
17 3
17 6
18 0
18 3
18 5
19 1
19 3
19 17
20 17
20 5
20 14
21 8
21 4
21 6
22 0
22 8
22 3
23 2
23 6
23 7
24 8
24 11
24 13
25 21
25 4
25 20
26 0
26 25
26 6
27 10
27 5
27 13
28 1
28 2
28 14
29 8
29 2
29 14
30 8
30 25
30 4
31 28
31 6
31 30
32 1
32 11
32 12
33 0
33 1
33 25
34 9
34 12
34 21
35 11
35 6
35 7
36 9
36 6
36 17
37 8
37 25
37 26
38 0
38 2
38 28
39 26
39 3
39 13
40 1
40 5
40 37
41 9
41 2
41 19
42 3
42 21
42 15
43 0
43 3
43 4
44 12
44 4
44 37
45 44
45 6
45 39
46 18
46 20
46 5
47 0
47 24
47 5
48 8
48 4
48 39
49 20
49 13
49 30
50 32
50 19
50 12
51 3
51 33
51 11
52 40
52 4
52 30
53 0
53 9
53 51
54 8
54 4
54 5
55 1
55 28
55 5
56 51
56 52
56 37
57 9
57 43
57 14
58 1
58 5
58 14
59 16
59 1
59 6
60 8
60 16
60 5
61 25
61 11
61 55
62 42
62 10
62 20
63 32
63 3
63 5
64 1
64 15
64 39
65 8
65 57
65 42
66 48
66 8
66 14
67 10
67 4
67 21
68 2
68 11
68 6
69 1
69 50
69 4
70 25
70 44
70 13
71 16
71 33
71 5
72 9
72 2
72 71
73 1
73 51
73 47
74 19
74 15
74 7
75 40
75 2
75 12
76 40
76 1
76 3
77 5
77 69
77 6
78 0
78 11
78 6
79 72
79 0
79 60
80 15
80 61
80 7
81 25
81 1
81 57
82 9
82 6
82 57
83 80
83 33
83 19
84 11
84 50
84 3
85 8
85 1
85 4
86 65
86 18
86 3
87 56
87 4
87 46
88 41
88 3
88 44
89 1
89 19
89 63
90 4
90 85
90 70
91 89
91 12
91 87
92 1
92 43
92 86
93 32
93 43
93 6
94 74
94 13
94 30
95 16
95 12
95 86
96 25
96 51
96 63
97 80
97 40
97 44
98 40
98 26
98 6
99 0
99 66
99 11
100 40
100 3
100 87
101 2
101 4
101 21
102 8
102 10
102 101
103 42
103 6
103 39
104 66
104 45
104 87
105 25
105 12
105 28
106 16
106 29
106 55
107 25
107 60
107 9
108 87
108 62
108 79
109 93
109 36
109 45
110 32
110 33
110 47
111 13
111 85
111 62
112 26
112 68
112 95
113 92
113 6
113 84
114 102
114 30
114 111
115 88
115 1
115 11
116 1
116 2
116 6
117 80
117 17
117 97
118 1
118 12
118 6
119 6
119 86
119 15
120 1
120 30
120 111
121 1
121 90
121 102
122 57
122 53
122 78
123 0
123 45
123 14
124 89
124 63
124 7
125 98
125 68
125 86
126 2
126 116
126 66
127 8
127 1
127 21
128 42
128 6
128 15
129 9
129 53
129 126
130 16
130 0
130 124
131 19
131 22
131 39
132 56
132 51
132 39
133 65
133 66
133 59
134 28
134 4
134 55
135 57
135 100
135 30
136 16
136 1
136 43
137 0
137 11
137 14
138 8
138 50
138 75
139 9
139 130
139 4
140 8
140 106
140 39
141 98
141 3
141 6
142 88
142 25
142 18
143 33
143 92
143 9
144 8
144 61
144 70
145 82
145 78
145 15
146 73
146 46
146 47
147 8
147 86
147 6
148 81
148 3
148 141
149 72
149 56
149 79
150 0
150 83
150 52
151 8
151 82
151 4
152 89
152 54
152 103
153 116
153 30
153 6
154 52
154 14
154 135
155 57
155 98
155 67
156 9
156 3
156 12
157 104
157 61
157 30
158 66
158 10
158 50
159 89
159 11
159 25
160 83
160 29
160 110
161 73
161 1
161 97
162 89
162 25
162 41
163 32
163 16
163 4
164 10
164 13
164 71
POSITIONS
7.835236 -12.738958
-20.039307 57.861755
-63.614628 -12.876147
30.342232 10.008786
-55.544903 18.072062
58.925964 -4.7463756
-24.613417 26.21221
-131.38306 84.51386
75.86774 -31.863615
-114.37788 26.773191
-31.694328 -77.72132
34.56885 49.889156
7.653634 32.575768
14.743248 -110.30819
3.3343785 108.8062
-108.117134 -14.835778
61.874187 83.751335
-99.52985 -109.041725
83.728615 -128.84628
90.08366 23.494432
-76.925255 -174.52737
-23.479437 -22.687845
91.33397 140.02402
-60.217865 -124.738625
210.28535 -21.009718
9.80236 -141.92058
56.458176 -71.93223
9.605723 69.90443
36.294544 -27.364582
80.0354 110.092415
-123.850105 -87.961655
-3.7713783 -170.88376
47.4675 188.73434
-49.073334 -50.851814
99.88383 -52.937992
-149.0598 207.92056
-186.72258 -197.9887
105.05754 51.77697
-192.79498 -63.250134
122.06392 24.662724
31.359901 93.365036
-22.313051 -196.95772
121.69768 -76.332985
-41.48956 115.371796
52.35142 -120.90925
122.487526 -28.233774
-85.88971 -143.81703
207.79642 -139.30664
52.628937 155.08849
-102.99505 -290.3789
92.14643 236.15543
-159.22379 23.371984
-87.41064 9.531842
-202.41335 151.93422
27.594233 -58.14849
137.25594 54.112823
-143.3483 149.60751
-89.518776 -43.292957
74.09688 206.4791
-121.51952 -43.862984
237.60121 -45.17397
58.304283 27.211359
-157.8186 -89.29169
138.94048 91.63592
-102.682884 156.43213
193.50667 -174.83855
119.24758 188.9841
-206.84311 -23.031317
107.44853 -104.97875
-88.814644 239.53389
46.854336 -243.82144
97.67176 -8.03036
-22.344429 89.761314
2.9824233 -216.55345
-63.259617 138.8056
-117.44098 -138.61171
176.90038 143.58057
-169.2833 130.86249
-94.662315 -74.86948
207.04073 161.5514
-195.47594 -126.6486
23.706568 -192.17111
-253.22127 27.056952
-33.909134 -160.1244
182.66872 218.85344
-177.42587 62.26487
215.23012 -70.70227
-31.843386 161.772
-51.097836 -210.9117
233.52673 25.332722
-204.28741 119.99846
186.67984 -42.60637
122.620445 146.72649
-211.92769 88.92715
55.95542 -182.85803
190.93881 66.01836
-105.26228 -189.38988
-28.46679 -128.5911
-105.24537 57.89646
183.19373 11.093162
-25.164093 193.06369
-139.77461 -115.70457
74.80448 -98.127365
178.25931 175.54567
211.40443 108.57693
156.83289 -68.78184
-92.60726 126.05856
138.72421 -201.59976
-40.10127 286.55908
-251.17982 -173.78822
267.9205 24.976795
-293.03552 -79.821304
245.07158 -192.61725
145.13095 278.67682
-291.90985 -141.33603
113.31883 -141.01555
-107.35644 189.7619
-189.30365 -277.7209
111.61343 115.260414
-152.19261 -24.846596
-156.88747 -186.39632
-9.182279 220.78389
-270.1846 -102.222984
222.67062 61.940792
20.317467 161.7256
126.76923 -234.45226
-15.784075 307.3599
-135.08304 2.3746424
136.32281 -118.77444
-162.30205 307.8066
-9.58038 -51.511703
265.9321 152.22867
-247.97163 123.96981
122.14427 -174.22998
144.82683 169.75552
-228.57259 -142.47409
167.64438 44.095123
-49.69374 213.61095
41.756554 -151.08978
26.907637 130.42137
-136.85466 52.98328
-69.0215 -93.98644
-78.57142 40.262775
-224.28201 7.5696263
242.91833 -130.67198
-325.673 3.192716
108.19179 -331.1448
238.6028 89.68582
-181.84079 -166.35617
152.32619 123.092674
-76.04012 97.44686
-189.29338 -95.05779
320.68613 127.2325
-235.9971 153.6449
-93.09096 -218.98457
-162.88077 175.90376
-194.40273 20.269598
241.35477 -13.3925905
1.9022343 268.26462
176.7028 -146.8689
316.976 28.431915
-161.31802 -57.485493
187.1112 -245.16125
33.37243 274.06348
13.17859 -269.81015
