NODES 150
EDGES 297
0 1
0 2
1 2
3 0
3 1
4 0
4 1
5 0
5 4
6 0
6 4
7 0
7 3
8 0
8 3
9 0
9 3
10 8
10 3
11 10
11 4
12 8
12 5
13 10
13 12
14 8
14 2
15 0
15 4
16 0
16 2
17 8
17 5
18 4
18 15
19 3
19 4
20 2
20 3
21 17
21 13
22 5
22 7
23 4
23 22
24 17
24 22
25 2
25 13
26 0
26 13
27 0
27 3
28 11
28 5
29 0
29 2
30 0
30 17
31 29
31 23
32 3
32 4
33 3
33 5
34 17
34 18
35 13
35 14
36 3
36 4
37 8
37 2
38 18
38 2
39 8
39 13
40 1
40 7
41 21
41 37
42 25
42 2
43 0
43 13
44 9
44 20
45 20
45 4
46 1
46 10
47 28
47 39
48 13
48 7
49 17
49 29
50 40
50 7
51 9
51 30
52 51
52 30
53 51
53 13
54 0
54 34
55 5
55 31
56 3
56 46
57 27
57 13
58 4
58 12
59 17
59 45
60 0
60 18
61 32
61 47
62 51
62 12
63 1
63 2
64 0
64 14
65 17
65 39
66 25
66 47
67 17
67 39
68 17
68 43
69 34
69 67
70 5
70 54
71 14
71 63
72 51
72 12
73 0
73 19
74 65
74 29
75 40
75 32
76 2
76 13
77 49
77 5
78 25
78 35
79 2
79 51
80 21
80 38
81 73
81 2
82 73
82 59
83 3
83 22
84 0
84 79
85 65
85 4
86 39
86 7
87 65
87 13
88 0
88 26
89 17
89 14
90 80
90 0
91 68
91 55
92 0
92 11
93 61
93 31
94 8
94 7
95 20
95 39
96 88
96 81
97 32
97 79
98 42
98 4
99 0
99 2
100 12
100 87
101 2
101 11
102 0
102 84
103 60
103 62
104 8
104 94
105 0
105 82
106 72
106 68
107 21
107 5
108 12
108 22
109 80
109 73
110 13
110 22
111 17
111 85
112 80
112 17
113 4
113 84
114 19
114 83
115 25
115 106
116 12
116 13
117 13
117 101
118 58
118 12
119 4
119 62
120 75
120 92
121 9
121 5
122 2
122 62
123 48
123 38
124 5
124 47
125 4
125 12
126 17
126 39
127 8
127 4
128 36
128 125
129 56
129 62
130 96
130 115
131 9
131 4
132 17
132 62
133 3
133 4
134 88
134 87
135 9
135 2
136 80
136 55
137 17
137 37
138 62
138 30
139 75
139 36
140 128
140 20
141 17
141 2
142 91
142 134
143 0
143 49
144 136
144 13
145 48
145 73
146 40
146 9
147 58
147 87
148 73
148 58
149 33
149 22
POSITIONS
35.349415 24.229267
-38.061066 120.81482
68.77674 -11.859043
-30.078453 20.513899
-52.431858 67.548164
30.763103 -11.314307
52.51803 157.32736
-2.4804578 -20.700588
86.64934 19.93261
-138.54315 24.909876
21.459818 -41.934937
45.732826 54.497574
-58.03743 36.059196
149.91501 11.574407
10.450005 130.0514
-14.648264 -97.55307
140.49548 103.55115
-64.08045 3.9272475
90.81915 -116.32274
-29.607979 89.95724
-138.60086 -19.964132
91.91008 -57.452232
3.5132155 27.451029
73.23237 -143.0446
12.479486 161.98564
47.782562 -79.176094
174.69739 -77.24717
-117.316666 55.726532
125.002815 -95.17402
130.28734 -17.047087
-224.66939 -41.405895
215.75725 -163.1982
-4.2477245 194.72325
-28.771294 -157.09422
78.87432 -86.66304
-88.08821 25.085785
139.69911 -123.60228
76.656105 105.215546
-41.311657 -127.65023
222.20963 -6.9531856
-98.92336 82.54214
41.238857 -143.25723
142.05334 46.936535
9.555545 60.640556
-149.31776 -202.68124
-190.98587 150.91545
-202.77727 101.826355
185.43268 124.85832
47.801388 119.04539
-126.986534 -105.67336
95.81619 165.42027
-273.08105 51.573483
-266.0316 -133.39607
-62.776226 181.97427
-48.467644 -201.16133
296.18826 -145.34181
-273.4257 178.5395
3.5940824 -166.7029
46.788967 215.80585
-222.96219 202.10475
158.20288 -32.690697
-7.844046 293.89264
-336.41348 -39.65457
216.65926 131.85126
-153.95589 185.24562
73.87448 73.34117
175.32736 167.98827
-63.26596 -84.13038
39.12703 -111.327385
-159.00552 56.07795
-43.70024 -293.3972
224.81248 262.254
-313.38092 -17.43968
53.39487 -39.917934
137.82289 207.57642
15.926402 -76.47505
288.4929 -35.47161
-192.11874 -40.012306
28.581388 -248.68295
74.93077 189.69818
-141.3254 -171.6943
145.69968 -226.3103
-39.9935 265.26895
-190.48247 -103.33075
248.01532 168.65761
-243.77666 102.13272
210.76561 -194.80649
147.61282 268.85416
-9.740859 -57.381744
112.24823 80.18766
-228.24043 56.831585
258.46182 -61.66697
237.65652 28.967382
-104.9888 -42.967037
163.71138 -161.89368
34.775505 184.92984
-2.9657578 -371.752
232.4479 294.49435
-122.55602 191.3799
119.01797 -163.9556
44.653965 300.89117
-83.63503 -171.82605
301.514 85.287025
-206.09328 33.733883
162.2243 -263.13174
150.44228 236.98036
-260.25613 -179.09688
232.13042 -113.84907
-96.8522 228.39534
-120.06008 -277.88904
268.85446 47.004612
-321.67746 112.53331
-199.197 -236.16087
179.34543 264.7213
-306.86432 -74.68174
-60.531178 -341.02704
-65.06151 150.06158
0.91056347 -264.75546
175.12372 202.90442
-318.7194 42.35806
264.7115 -182.84741
-54.94309 212.99849
-226.47934 -165.12685
188.42757 18.332006
-19.210114 166.43294
-16.841331 -196.28528
198.95424 78.28702
-170.51822 26.219292
38.017704 -353.38876
-412.49283 154.901
-85.75482 -485.56705
78.352806 137.16216
-356.42044 14.196175
-9.344555 -129.1121
83.627365 343.3576
-195.84251 -71.78883
245.8946 -246.50218
-126.16894 241.21748
-371.8211 -178.89171
280.7882 -90.09131
-229.37881 -263.70715
50.44394 -181.65816
156.47473 313.97958
-178.909 -190.49883
360.4609 -106.00944
-91.054985 196.93257
-141.94257 -133.96321
185.18353 385.5502
-78.93738 -24.404816
108.0461 -230.37222
