NODES 195
EDGES 579
0 1
0 2
0 3
1 2
1 3
2 3
4 0
4 1
4 2
5 1
5 2
5 4
6 3
6 4
6 5
7 0
7 1
7 2
8 4
8 5
8 6
9 1
9 2
9 5
10 8
10 1
10 5
11 0
11 2
11 4
12 5
12 6
12 7
13 3
13 4
13 5
14 0
14 11
14 4
15 8
15 10
15 11
16 0
16 12
16 5
17 10
17 4
17 5
18 0
18 4
18 6
19 8
19 2
19 6
20 2
20 6
20 15
21 0
21 17
21 13
22 0
22 11
22 5
23 1
23 13
23 14
24 17
24 22
24 23
25 0
25 9
25 2
26 1
26 12
26 4
27 0
27 18
27 13
28 3
28 5
28 7
29 0
29 8
29 14
30 1
30 11
30 21
31 20
31 4
31 15
32 1
32 3
32 21
33 8
33 20
33 5
34 3
34 21
34 6
35 0
35 2
35 13
36 0
36 9
36 30
37 13
37 29
37 6
38 1
38 2
38 7
39 0
39 1
39 20
40 37
40 13
40 39
41 1
41 28
41 6
42 20
42 22
42 39
43 9
43 2
43 29
44 42
44 5
44 29
45 0
45 34
45 26
46 32
46 13
46 5
47 45
47 6
47 22
48 0
48 4
48 29
49 2
49 6
49 7
50 18
50 27
50 46
51 41
51 4
51 29
52 8
52 17
52 45
53 28
53 47
53 7
54 26
54 27
54 45
55 0
55 2
55 42
56 8
56 5
56 21
57 41
57 4
57 45
58 1
58 52
58 17
59 34
59 29
59 6
60 20
60 5
60 30
61 1
61 10
61 20
62 8
62 17
62 1
63 40
63 13
63 47
64 21
64 5
64 54
65 0
65 29
65 5
66 8
66 41
66 17
67 64
67 8
67 4
68 0
68 24
68 25
69 0
69 2
69 35
70 16
70 4
70 12
71 42
71 52
71 63
72 17
72 2
72 11
73 9
73 26
73 45
74 0
74 52
74 5
75 4
75 20
75 63
76 26
76 29
76 5
77 0
77 64
77 5
78 9
78 2
78 4
79 0
79 9
79 11
80 1
80 26
80 12
81 8
81 74
81 20
82 8
82 1
82 7
83 40
83 48
83 5
84 0
84 9
84 51
85 65
85 1
85 69
86 11
86 10
86 59
87 24
87 4
87 13
88 26
88 78
88 39
89 76
89 5
89 7
90 34
90 7
90 23
91 11
91 4
91 23
92 7
92 85
92 23
93 0
93 10
93 61
94 91
94 52
94 4
95 40
95 2
95 54
96 16
96 9
96 2
97 0
97 1
97 93
98 80
98 33
98 5
99 16
99 83
99 6
100 4
100 5
100 7
101 0
101 9
101 5
102 0
102 51
102 44
103 69
103 14
103 23
104 8
104 0
104 5
105 0
105 25
105 5
106 1
106 5
106 31
107 1
107 106
107 22
108 104
108 58
108 5
109 32
109 54
109 14
110 4
110 6
110 7
111 8
111 22
111 14
112 17
112 93
112 1
113 8
113 12
113 5
114 45
114 67
114 69
115 59
115 29
115 7
116 27
116 5
116 22
117 9
117 11
117 47
118 32
118 8
118 13
119 59
119 85
119 62
120 109
120 74
120 45
121 2
121 94
121 7
122 2
122 4
122 29
123 48
123 20
123 103
124 100
124 4
124 55
125 93
125 5
125 6
126 0
126 3
126 85
127 40
127 51
127 124
128 8
128 1
128 116
129 110
129 20
129 30
130 67
130 100
130 31
131 0
131 34
131 13
132 19
132 29
132 30
133 112
133 65
133 92
134 26
134 11
134 37
135 10
135 14
135 23
136 1
136 29
136 23
137 8
137 3
137 5
138 109
138 91
138 13
139 35
139 45
139 103
140 9
140 4
140 85
141 2
141 5
141 54
142 5
142 52
142 20
143 10
143 45
143 119
144 3
144 109
144 71
145 99
145 6
145 87
146 113
146 107
146 117
147 9
147 34
147 101
148 90
148 5
148 98
149 134
149 4
149 6
150 0
150 130
150 141
151 18
151 6
151 55
152 146
152 84
152 22
153 40
153 10
153 147
154 10
154 2
154 27
155 121
155 25
155 31
156 38
156 42
156 14
157 0
157 2
157 135
158 129
158 146
158 11
159 10
159 116
159 4
160 65
160 83
160 69
161 109
161 6
161 7
162 10
162 84
162 69
163 1
163 26
163 2
164 90
164 4
164 7
165 67
165 84
165 29
166 17
166 153
166 85
167 160
167 27
167 76
168 5
168 29
168 23
169 18
169 58
169 143
170 65
170 26
170 90
171 169
171 51
171 4
172 160
172 107
172 70
173 8
173 9
173 134
174 0
174 58
174 12
175 66
175 6
175 47
176 101
176 27
176 13
177 8
177 166
177 7
178 8
178 139
178 140
179 25
179 166
179 14
180 24
180 4
180 126
181 0
181 25
181 100
182 40
182 124
182 47
183 8
183 130
183 26
184 5
184 22
184 47
185 8
185 4
185 13
186 96
186 9
186 159
187 13
187 30
187 22
188 51
188 14
188 7
189 180
189 13
189 47
190 52
190 85
190 6
191 152
191 140
191 13
192 8
192 54
192 23
193 65
193 6
193 47
194 168
194 11
194 5
POSITIONS
12.329367 -44.80837
-45.848774 2.536161
-8.192907 -44.30091
32.41766 35.69309
22.757175 0.013744485
-5.0755305 26.635193
17.707151 63.934006
-55.202087 28.60678
-1.2768303 46.00906
-37.326782 -61.948845
-42.515816 -49.14089
-28.307638 -2.54325
-51.390823 61.269302
77.03337 20.028936
16.510328 -34.922016
-4.861057 -4.407169
-28.705103 21.203077
-32.539364 11.131395
72.712166 -22.399656
-6.4175854 12.175718
36.804962 25.24109
45.005665 13.629325
19.867115 46.043755
-16.143438 -16.566317
20.391329 14.30424
-6.358519 -97.127045
-37.0111 23.223574
72.307396 -41.5424
-15.88439 79.750824
-24.873753 -36.059837
-14.700372 15.877166
22.594275 -19.698532
70.08188 38.185535
-11.237235 72.85488
0.9111924 3.7650154
41.381836 -66.339874
-31.946043 -46.18627
50.26188 27.555773
-35.944572 -24.792156
49.82325 -11.250339
94.08326 -2.4996789
3.1079283 64.650566
75.66734 2.628695
-41.083115 -77.16476
41.21629 -35.153275
39.932842 2.1860096
92.77242 17.980131
42.466805 87.782555
37.25248 -45.942642
-28.175743 36.21527
109.50414 -24.788296
44.028263 -48.13151
32.767704 61.4871
-15.94544 97.54315
71.98916 -7.175431
79.304184 -34.425144
26.584995 46.75118
37.852627 43.65389
-27.72988 30.871662
-70.24849 -13.895853
11.1632 34.18951
-50.36688 -32.756687
-71.60872 11.862909
101.44 53.80141
63.27246 -9.244067
-69.26116 -0.11145561
-2.4431863 89.918
56.486885 -34.713535
7.9725523 -70.57278
0.32462567 -81.98204
-57.28338 51.40269
101.16697 62.44245
-47.251163 -25.190762
-26.716284 -20.222168
55.380768 51.612053
79.878136 40.07867
-56.074387 9.624735
41.850765 -19.353882
-10.146145 -58.39158
-45.63153 -59.670837
-71.91109 60.324566
50.45037 67.81382
-57.22322 44.249256
49.292667 2.1803799
11.321709 -74.11368
-64.595566 -21.598566
-77.08827 -36.388042
67.68298 45.168476
2.2220092 -23.291557
-67.828636 38.19997
-78.49306 34.112003
28.064014 14.314749
-92.6929 -5.257826
-65.55138 -46.870003
25.625578 24.112457
82.60843 -27.11819
-53.633503 -69.18436
-57.691334 -49.456993
-55.053497 82.79614
45.157795 60.253735
37.485962 -25.7923
11.14822 -64.93784
51.42184 -72.22168
37.292324 -76.54393
-17.829279 40.8565
-3.015825 -67.92268
-38.653202 39.327507
-58.790634 67.56815
-31.859821 56.619728
93.67509 40.794582
-21.143345 67.23262
18.830067 32.386127
-94.34455 -16.94912
-39.232025 83.17017
46.99765 -61.787014
-82.263985 -12.355455
19.632275 -10.459738
-36.39124 50.548134
71.86811 55.677032
-87.15251 -28.773943
87.17693 49.843803
-14.339085 -27.06396
-14.183138 -52.541943
63.16246 -57.879013
97.810776 -19.70902
-24.827679 13.555197
8.122757 -0.13887419
106.40466 -34.165592
-18.460165 31.139965
-26.498793 74.32492
60.21529 -41.121956
49.54453 -16.873749
-25.766186 -10.284728
-114.174065 -10.131486
-21.280783 52.935017
-18.986252 -77.21537
-55.6815 -29.312939
11.117373 70.6569
90.61497 36.52526
60.3544 -55.963024
1.4760466 -16.947618
49.02722 -35.962032
39.825676 65.44302
-26.716127 -51.609303
105.331604 59.472332
63.668888 78.979935
-51.318966 92.42972
-24.153961 -78.258095
-71.07979 69.89459
5.754431 73.84747
62.882236 -66.79979
86.11879 -3.7534752
4.0257187 53.253204
-20.465277 -70.43013
17.9845 -76.52999
6.511906 -81.82531
32.388405 -34.230927
-9.689249 -87.42471
-57.062603 78.76184
-16.5011 -64.76682
-39.365578 -19.983925
31.681595 75.233215
-16.632856 -101.61632
-57.60451 -11.83863
-67.894104 32.00455
26.03017 -78.6699
-72.55275 -46.115837
-9.772285 -28.52061
-47.99039 -14.223617
29.673363 -47.236656
-93.19936 27.085814
52.04931 -56.34277
-80.78683 48.839245
-41.863228 30.80742
-47.03814 22.644197
24.14742 109.90043
81.69491 -48.460533
-76.97 15.8853855
38.64631 -13.163375
-34.243355 -89.856514
52.257355 38.21748
23.006554 -89.110916
108.240585 28.103752
12.13119 18.240658
24.242714 86.6186
57.655525 34.457417
-51.85008 -92.48138
44.877052 48.64279
2.5296252 -28.849592
77.43573 72.19685
-12.305903 62.273563
46.673325 34.322395
33.163254 14.7731085
-6.521971 83.09062
-58.334915 1.4424636
