NODES 105
EDGES 410
0 1
0 2
0 3
0 4
1 2
1 3
1 4
2 3
2 4
3 4
5 0
5 2
5 3
5 4
6 0
6 1
6 2
6 3
7 0
7 1
7 4
7 6
8 0
8 1
8 2
8 3
9 0
9 1
9 5
9 6
10 8
10 4
10 5
10 7
11 0
11 1
11 4
11 5
12 8
12 11
12 4
12 5
13 1
13 10
13 4
13 7
14 8
14 13
14 5
14 7
15 2
15 11
15 12
15 5
16 10
16 4
16 13
16 15
17 11
17 1
17 2
17 3
18 0
18 1
18 11
18 9
19 1
19 11
19 4
19 13
20 19
20 4
20 12
20 14
21 17
21 10
21 20
21 1
22 18
22 4
22 6
22 7
23 10
23 3
23 13
23 7
24 1
24 15
24 14
24 7
25 2
25 3
25 6
25 15
26 2
26 4
26 5
26 15
27 9
27 2
27 4
27 13
28 0
28 2
28 4
28 13
29 0
29 2
29 4
29 14
30 1
30 2
30 4
30 7
31 8
31 11
31 20
31 5
32 1
32 2
32 20
32 5
33 24
33 11
33 6
33 23
34 8
34 28
34 20
34 13
35 3
35 2
35 11
35 13
36 0
36 15
36 29
36 7
37 17
37 10
37 3
37 13
38 5
38 3
38 4
38 20
39 1
39 12
39 38
39 23
40 1
40 13
40 30
40 7
41 24
41 17
41 3
41 9
42 17
42 3
42 20
42 31
43 0
43 1
43 5
43 13
44 0
44 1
44 11
44 15
45 1
45 3
45 13
45 31
46 2
46 19
46 4
46 29
47 24
47 46
47 37
47 30
48 0
48 36
48 13
48 38
49 8
49 11
49 21
49 15
50 1
50 34
50 2
50 5
51 24
51 28
51 20
51 45
52 17
52 28
52 46
52 7
53 24
53 12
53 20
53 21
54 0
54 1
54 27
54 29
55 33
55 13
55 18
55 5
56 0
56 20
56 4
56 7
57 11
57 27
57 4
57 20
58 32
58 9
58 2
58 17
59 8
59 51
59 20
59 4
60 3
60 2
60 27
60 30
61 9
61 19
61 52
61 7
62 43
62 18
62 51
62 38
63 32
63 0
63 28
63 7
64 19
64 4
64 6
64 15
65 56
65 42
65 28
65 5
66 8
66 35
66 21
66 14
67 24
67 40
67 12
67 13
68 1
68 3
68 4
68 25
69 1
69 20
69 4
69 13
70 40
70 8
70 62
70 15
71 44
71 4
71 6
71 47
72 57
72 13
72 14
72 7
73 58
73 43
73 70
73 7
74 48
74 3
74 70
74 30
75 0
75 24
75 19
75 30
76 17
76 42
76 53
76 7
77 2
77 10
77 15
77 47
78 56
78 2
78 54
78 31
79 11
79 4
79 6
79 31
80 55
80 47
80 38
80 23
81 3
81 42
81 11
81 23
82 53
82 59
82 13
82 14
83 49
83 66
83 2
83 17
84 11
84 82
84 83
84 44
85 80
85 25
85 58
85 26
86 57
86 10
86 2
86 30
87 35
87 52
87 28
87 84
88 9
88 20
88 28
88 6
89 88
89 10
89 20
89 47
90 24
90 5
90 14
90 79
91 47
91 68
91 77
91 7
92 0
92 18
92 4
92 63
93 17
93 90
93 84
93 42
94 17
94 3
94 69
94 23
95 80
95 0
95 27
95 70
96 3
96 92
96 29
96 7
97 57
97 13
97 20
97 28
98 40
98 97
98 45
98 71
99 88
99 24
99 4
99 5
100 10
100 3
100 22
100 14
101 77
101 4
101 15
101 84
102 17
102 34
102 77
102 13
103 69
103 4
103 5
103 6
104 66
104 7
104 13
104 63
POSITIONS
-35.829987 36.72123
-16.957697 62.54103
9.594649 -36.41951
73.243095 32.374813
-60.1381 15.92594
-2.9223268 26.326187
-22.185469 94.09384
-21.971434 -25.686235
57.326443 4.733354
-118.762024 39.65445
73.62166 -70.6022
45.108143 47.568348
-52.13705 -15.049648
13.763503 53.60132
-50.821743 115.62618
-69.88679 -77.33195
72.3704 64.36923
42.232224 -23.423544
2.596499 -5.189887
-80.4603 103.425934
-27.463482 5.835268
126.77792 55.932888
-92.261696 140.51215
43.28827 -119.17354
-77.82752 46.92549
-94.9403 -57.43694
14.033345 -68.97712
-93.14358 17.923235
43.725945 -87.268234
27.134022 15.339334
-81.116516 -28.587711
141.84094 -18.328619
48.44936 111.46324
-15.638565 -57.026436
176.69495 -7.412794
26.404907 135.86333
-38.62953 -84.07497
157.63513 64.238144
-123.18982 -42.42945
75.083435 -112.49431
-103.88465 72.484215
-60.105408 -107.8023
178.8011 -39.343407
-109.36291 -13.572836
92.30781 -15.542359
57.795494 142.06264
-53.34968 -49.941444
42.97485 -55.31285
-135.82275 85.57661
32.86353 -149.42609
172.10147 35.69421
-132.00934 9.0215845
101.88874 -47.990894
24.550638 167.81029
-97.92725 -92.73868
118.2005 3.2074206
-129.26357 -86.293594
-7.7204194 -92.35666
8.514434 85.14346
-149.89586 56.837616
132.73825 -56.506252
-51.515324 148.98515
-179.63574 -142.46767
142.16025 24.407814
-208.28238 68.046295
81.78577 -182.81685
106.20077 107.96192
-186.91853 40.92298
70.344086 -38.777294
-112.23758 107.18865
-51.090153 -142.93188
133.27396 124.98774
-162.68147 -0.07856702
95.28225 -152.55212
-20.559963 126.041824
-186.04855 -21.92225
188.7064 71.86207
-81.423996 -132.71912
3.6134596 -217.34196
73.5304 169.9201
-127.56002 -122.682816
224.02441 -52.17801
-37.151024 216.83383
64.826675 -142.82094
76.50319 96.08484
-218.03816 -22.60039
36.189594 -202.58109
133.11134 156.97974
-75.10817 -164.09506
115.31185 -177.48946
-107.69624 192.31232
-22.260862 -198.51329
102.0618 76.24218
-52.42597 83.66254
142.44968 -90.925644
-176.85732 74.059006
-25.933868 -118.646255
105.163124 32.38588
21.388306 244.15845
-4.7312765 -142.60356
48.15414 189.41327
-163.78673 -99.52363
174.23125 -94.609085
-76.67071 184.4755
112.05407 -80.928566
