NODES 150
EDGES 590
0 1
0 2
0 3
0 4
1 2
1 3
1 4
2 3
2 4
3 4
5 0
5 1
5 3
5 4
6 0
6 1
6 2
6 4
7 1
7 3
7 4
7 5
8 1
8 2
8 4
8 7
9 8
9 5
9 6
9 7
10 1
10 2
10 3
10 9
11 0
11 1
11 3
11 7
12 1
12 5
12 9
12 7
13 3
13 4
13 5
13 6
14 9
14 10
14 4
14 1
15 0
15 1
15 2
15 4
16 3
16 1
16 11
16 6
17 0
17 9
17 2
17 4
18 1
18 3
18 12
18 17
19 3
19 15
19 5
19 7
20 0
20 1
20 4
20 13
21 1
21 11
21 5
21 6
22 1
22 21
22 13
22 5
23 17
23 3
23 21
23 1
24 1
24 3
24 4
24 7
25 0
25 3
25 6
25 22
26 24
26 1
26 2
26 21
27 8
27 1
27 4
27 22
28 0
28 1
28 3
28 11
29 11
29 2
29 3
29 4
30 3
30 4
30 5
30 6
31 1
31 3
31 5
31 30
32 24
32 16
32 29
32 30
33 32
33 3
33 28
33 7
34 3
34 1
34 11
34 16
35 2
35 27
35 7
35 23
36 9
36 2
36 5
36 22
37 8
37 9
37 34
37 11
38 0
38 27
38 4
38 13
39 1
39 2
39 3
39 5
40 17
40 18
40 22
40 6
41 1
41 30
41 17
41 15
42 32
42 1
42 2
42 17
43 8
43 3
43 36
43 7
44 16
44 8
44 3
44 38
45 8
45 42
45 11
45 4
46 4
46 36
46 13
46 6
47 33
47 27
47 36
47 7
48 3
48 17
48 2
48 11
49 3
49 4
49 37
49 6
50 1
50 11
50 36
50 30
51 2
51 34
51 23
51 39
52 17
52 2
52 20
52 7
53 32
53 1
53 3
53 7
54 19
54 1
54 3
54 0
55 41
55 2
55 4
55 53
56 40
56 1
56 10
56 11
57 16
57 17
57 18
57 38
58 34
58 3
58 29
58 6
59 41
59 2
59 30
59 7
60 16
60 51
60 4
60 5
61 8
61 0
61 11
61 4
62 27
62 8
62 40
62 51
63 0
63 50
63 38
63 6
64 2
64 4
64 46
64 22
65 54
65 3
65 5
65 62
66 11
66 26
66 27
66 7
67 2
67 3
67 4
67 47
68 32
68 26
68 53
68 62
69 3
69 1
69 11
69 23
70 11
70 37
70 62
70 6
71 1
71 36
71 4
71 41
72 11
72 27
72 5
72 7
73 16
73 4
73 62
73 30
74 64
74 2
74 22
74 31
75 11
75 2
75 59
75 23
76 32
76 2
76 11
76 12
77 16
77 1
77 2
77 37
78 2
78 75
78 61
78 7
79 0
79 76
79 55
79 47
80 10
80 67
80 4
80 6
81 19
81 3
81 37
81 15
82 73
82 11
82 53
82 22
83 16
83 2
83 37
83 7
84 1
84 82
84 66
84 49
85 48
85 67
85 7
85 23
86 2
86 84
86 45
86 31
87 11
87 3
87 4
87 5
88 33
88 4
88 78
88 47
89 32
89 10
89 20
89 77
90 67
90 55
90 62
90 47
91 16
91 3
91 12
91 20
92 80
92 40
92 5
92 69
93 77
93 20
93 5
93 6
94 27
94 4
94 36
94 52
95 9
95 42
95 3
95 4
96 40
96 65
96 2
96 76
97 1
97 3
97 37
97 6
98 83
98 60
98 37
98 23
99 74
99 21
99 6
99 7
100 1
100 5
100 62
100 47
101 17
101 82
101 2
101 15
102 8
102 84
102 47
102 7
103 64
103 2
103 56
103 37
104 17
104 26
104 99
104 55
105 1
105 42
105 83
105 22
106 1
106 27
106 52
106 37
107 48
107 90
107 62
107 22
108 1
108 2
108 78
108 47
109 48
109 105
109 2
109 53
110 88
110 29
110 45
110 22
111 10
111 3
111 61
111 63
112 1
112 67
112 13
112 9
113 49
113 2
113 27
113 22
114 106
114 10
114 4
114 94
115 65
115 106
115 35
115 92
116 32
116 68
116 30
116 7
117 16
117 37
117 22
117 23
118 1
118 11
118 5
118 7
119 2
119 90
119 28
119 4
120 11
120 93
120 94
120 7
121 49
121 2
121 3
121 46
122 80
122 12
122 4
122 5
123 8
123 11
123 5
123 7
124 75
124 36
124 12
124 7
125 2
125 4
125 36
125 47
126 1
126 82
126 9
126 71
127 2
127 27
127 100
127 125
128 8
128 41
128 2
128 30
129 35
129 42
129 59
129 4
130 41
130 2
130 36
130 13
131 80
131 130
131 11
131 4
132 96
132 20
132 4
132 15
133 18
133 10
133 22
133 7
134 40
134 105
134 130
134 2
135 41
135 37
135 5
135 134
136 8
136 5
136 27
136 77
137 25
137 28
137 46
137 23
138 8
138 2
138 28
138 4
139 40
139 41
139 78
139 47
140 56
140 36
140 6
140 15
141 137
141 114
141 59
141 61
142 1
142 3
142 59
142 135
143 33
143 131
143 4
143 31
144 0
144 1
144 2
144 18
145 16
145 91
145 69
145 37
146 74
146 4
146 5
146 102
147 41
147 67
147 5
147 94
148 16
148 66
148 5
148 93
149 80
149 113
149 35
149 23
POSITIONS
20.096874 -4.6457167
59.12522 17.705591
-4.369032 -41.73354
40.148952 55.60773
-34.73258 -31.569145
77.805046 -29.201153
-23.571041 45.33945
50.44148 -12.994293
109.57427 -31.515192
-10.976377 -10.6350355
-84.65701 -30.355341
21.992666 115.61858
-52.743168 -83.70952
-13.049149 -90.79405
-85.96169 112.9641
-76.276726 -105.36408
86.64216 33.841457
-88.06014 -65.190636
53.43381 -54.643646
28.286367 25.962029
-92.66803 -133.62485
118.56243 5.1679525
-3.2673001 20.635298
-103.886765 -4.7777977
101.84824 98.20416
-158.91454 64.471756
189.60109 -52.02531
7.954427 50.622467
-107.593666 27.076246
133.65222 94.6037
-54.083244 35.102154
71.468704 -82.965614
120.145065 194.82649
-58.945797 -52.394894
165.42087 90.87415
-82.74891 49.25065
-37.203 -111.62325
36.80412 87.29403
-117.81576 -53.50228
128.37424 -68.12733
-37.43835 120.08475
-28.48462 -62.873047
33.559998 145.39513
-59.166656 -11.085715
89.71815 -144.92767
180.7813 135.7181
-190.43398 -11.171239
103.07399 -87.6788
-116.61358 103.97261
137.37386 62.86887
41.87715 176.3054
-35.042377 9.88251
-21.208872 -187.73271
9.226923 166.12646
25.120909 -129.53477
86.77036 1.5774734
-155.17944 125.11416
-29.488043 -218.63544
162.7229 201.48605
-160.62599 0.4652192
131.75256 -101.67622
-25.99507 89.59513
27.631315 -35.729504
55.907215 122.531715
-190.21077 70.98523
139.65717 -154.6917
111.53235 163.76236
-105.37311 -92.06695
203.1543 160.76117
-44.92772 193.99374
10.899236 -69.707344
71.43514 61.95743
-86.8527 80.949745
91.39454 -57.94386
-47.840908 66.338936
-169.2361 -88.45806
103.170235 66.01953
-58.746773 96.25005
-30.122923 -142.81892
223.92969 72.85599
-137.26988 -89.82341
154.82063 -50.126823
54.14735 212.19145
39.528923 -83.44371
252.05182 107.79495
-232.59433 -15.252243
257.8564 -21.16489
17.514523 197.03441
-60.7397 -211.75702
118.41537 37.158257
-78.26064 14.38706
-5.915709 -121.9101
64.434105 153.65741
-149.09673 -60.080185
61.08739 -176.04427
-13.378896 188.71182
-121.458725 -119.67407
152.77945 120.26754
-147.02635 94.15679
57.72752 -144.2344
70.1503 93.90457
-187.91617 -43.072033
240.56172 -95.39232
-183.5758 181.86818
100.37231 -233.98792
92.373375 138.12578
-129.56453 -23.784369
52.292747 -112.73546
5.174057 82.43965
-123.24618 72.69173
234.06439 19.164543
-109.47514 185.30415
2.2245333 -209.84775
120.99457 123.98032
-153.28897 -198.45433
158.8356 -81.86338
42.68104 242.55832
-60.7084 -133.31094
185.19261 56.740475
-219.17131 14.92446
43.329777 -202.65666
-68.320656 139.59682
-159.98776 -167.16333
204.22333 7.6118317
-211.40292 -68.89672
-82.47368 -169.46875
97.55032 219.65085
-171.51497 30.555588
118.41325 -130.7625
-158.05116 162.56812
-114.46507 -169.08354
-3.7751427 -160.91037
-256.07806 -122.823944
23.591202 -177.47652
-44.756428 161.2281
-111.32527 138.50458
205.67232 -24.35313
-299.91965 7.337982
-52.20598 -179.82018
158.98544 4.1522584
-218.18596 -100.169556
-227.76732 -137.74042
-87.587 208.64754
-87.65398 -239.89754
173.67389 -24.27298
-73.61819 179.85638
115.002594 -175.09161
140.01363 -21.782028
-135.21541 43.014885
84.20627 -113.43134
