NODES 120
EDGES 237
0 1
0 2
1 2
3 1
3 2
4 0
4 2
5 0
5 2
6 0
6 2
7 1
7 2
8 1
8 7
9 0
9 5
10 1
10 7
11 1
11 5
12 0
12 4
13 8
13 0
14 0
14 2
15 0
15 13
16 2
16 5
17 1
17 4
18 1
18 5
19 2
19 5
20 1
20 13
21 1
21 11
22 0
22 3
23 1
23 4
24 0
24 3
25 0
25 20
26 17
26 10
27 10
27 2
28 0
28 1
29 0
29 2
30 1
30 5
31 0
31 26
32 0
32 6
33 2
33 5
34 26
34 5
35 18
35 5
36 34
36 13
37 17
37 35
38 2
38 10
39 18
39 21
40 16
40 36
41 26
41 14
42 10
42 21
43 2
43 31
44 24
44 0
45 8
45 17
46 0
46 2
47 0
47 1
48 3
48 5
49 0
49 1
50 29
50 21
51 29
51 30
52 2
52 7
53 0
53 6
54 27
54 47
55 0
55 25
56 2
56 5
57 2
57 35
58 25
58 27
59 10
59 55
60 19
60 15
61 0
61 13
62 1
62 7
63 49
63 23
64 59
64 5
65 52
65 38
66 35
66 3
67 1
67 55
68 52
68 30
69 10
69 35
70 59
70 29
71 49
71 10
72 1
72 2
73 2
73 63
74 10
74 60
75 31
75 23
76 17
76 10
77 1
77 10
78 58
78 18
79 4
79 7
80 12
80 13
81 8
81 31
82 2
82 4
83 64
83 2
84 3
84 44
85 41
85 2
86 3
86 15
87 66
87 19
88 10
88 11
89 65
89 52
90 40
90 52
91 65
91 34
92 59
92 85
93 3
93 19
94 1
94 54
95 1
95 2
96 5
96 45
97 10
97 20
98 24
98 21
99 1
99 35
100 37
100 45
101 83
101 31
102 5
102 13
103 0
103 2
104 97
104 36
105 83
105 4
106 18
106 26
107 36
107 60
108 9
108 25
109 1
109 49
110 8
110 73
111 104
111 1
112 76
112 45
113 98
113 55
114 89
114 113
115 1
115 23
116 106
116 23
117 1
117 20
118 1
118 107
119 0
119 3
POSITIONS
35.5891 -37.88356
13.7258005 25.023977
0.059006467 -12.596729
-5.14288 -66.96453
31.440493 3.1267374
-32.936344 -16.577303
46.137646 -55.13977
3.3865588 44.882664
16.408108 54.9392
25.306292 -47.883713
-14.464282 40.115295
-23.40639 11.400461
56.53019 -24.23968
20.104038 -1.5423217
7.712323 -35.83267
-0.7794043 -45.48816
-46.6932 5.000767
-28.586477 45.94658
-12.719732 15.36413
-49.057518 -43.895798
35.688843 27.821798
-18.433994 -1.2865727
15.830827 -69.09437
56.888565 48.903893
21.87487 -66.18259
63.10224 -17.08073
-8.341693 32.1491
41.14523 16.178171
36.12194 -9.71154
-13.254882 -49.85657
-38.95214 1.4522418
53.22173 13.463593
53.103786 -62.44301
-27.511803 -26.203505
-46.036766 38.682915
-57.440937 -1.016894
-41.488213 44.818363
-70.82927 37.159527
-23.898872 50.24793
-25.809153 5.973016
-65.71058 44.555412
-14.712933 -21.297611
-24.974546 22.968754
41.43935 -1.9429783
31.17826 -80.00535
-53.128857 60.785213
19.32438 -40.618504
55.015816 0.79881513
-28.190739 -58.294964
48.74587 32.02904
-23.411592 -39.577854
-40.09763 -34.910423
-38.994236 59.54393
56.48246 -58.72265
69.32333 17.833324
36.66506 -19.917307
-23.561972 -22.854034
-45.403027 -12.089393
64.35016 4.229257
-11.809376 -34.210205
-54.00119 -18.234295
43.935886 -25.675604
14.420925 47.210705
63.735737 54.321445
-14.599962 -39.17277
-44.873947 80.522285
-54.647926 -53.31456
39.32155 3.8889225
-54.417835 36.10924
-50.776447 21.480188
-19.53693 -60.030605
25.82421 51.04608
2.1373193 7.8045573
41.24098 48.62469
-49.126972 13.17519
72.75375 38.043804
-41.761738 68.55427
-2.8652272 48.75673
35.129757 13.544796
25.943153 34.210026
55.464924 -15.86845
47.915337 46.895035
21.164854 -10.568792
18.743315 -27.857197
15.948786 -90.74538
-27.062593 -39.79165
-4.308457 -76.42162
-65.31202 -59.355373
-28.365505 30.040447
-35.741364 82.604546
-66.77394 62.934048
-55.9211 73.82978
-31.346485 -51.7493
-36.016098 -71.27667
59.61729 27.516165
5.7686486 6.762083
-62.80191 23.751991
4.3439245 64.81771
4.820759 -29.640265
-34.21301 14.593956
-78.02336 56.49003
50.479137 -11.0267
-12.955978 -10.459026
21.360134 -36.155495
-13.365493 76.74471
30.187393 -19.37558
8.679126 53.406414
-57.207264 23.339529
61.347176 -42.202965
43.331997 38.712482
35.814068 69.19505
1.0004698 71.05526
-60.32707 78.87263
10.716195 4.439486
-14.901736 61.0474
45.805805 53.65645
42.818645 67.32217
33.801228 38.58259
-33.47878 30.989962
19.904783 -72.10441
