NODES 165
EDGES 650
0 1
0 2
0 3
0 4
1 2
1 3
1 4
2 3
2 4
3 4
5 0
5 2
5 3
5 4
6 1
6 2
6 3
6 4
7 0
7 1
7 2
7 5
8 0
8 5
8 6
8 7
9 2
9 3
9 4
9 6
10 0
10 3
10 5
10 6
11 0
11 3
11 5
11 6
12 0
12 1
12 2
12 7
13 8
13 11
13 5
13 6
14 0
14 1
14 6
14 7
15 1
15 4
15 5
15 7
16 1
16 10
16 2
16 14
17 0
17 2
17 10
17 13
18 16
18 4
18 14
18 7
19 0
19 1
19 10
19 6
20 1
20 10
20 19
20 13
21 9
21 2
21 1
21 6
22 18
22 10
22 20
22 21
23 2
23 20
23 5
23 7
24 0
24 11
24 4
24 22
25 0
25 18
25 10
25 6
26 1
26 19
26 6
26 23
27 24
27 17
27 21
27 0
28 10
28 3
28 12
28 13
29 16
29 9
29 4
29 13
30 0
30 17
30 5
30 8
31 27
31 25
31 3
31 6
32 1
32 19
32 13
32 15
33 0
33 2
33 11
33 4
34 2
34 20
34 4
34 15
35 0
35 1
35 3
35 14
36 0
36 2
36 4
36 15
37 0
37 3
37 36
37 31
38 0
38 2
38 37
38 5
39 17
39 2
39 3
39 6
40 0
40 3
40 4
40 21
41 17
41 18
41 4
41 37
42 0
42 36
42 6
42 39
43 42
43 2
43 38
43 39
44 11
44 4
44 5
44 38
45 16
45 9
45 13
45 0
46 38
46 33
46 40
46 6
47 32
47 35
47 3
47 6
48 2
48 44
48 30
48 31
49 3
49 13
49 38
49 14
50 33
50 4
50 9
50 47
51 16
51 25
51 50
51 5
52 8
52 40
52 32
52 3
53 8
53 9
53 6
53 1
54 33
54 43
54 37
54 6
55 38
55 1
55 46
55 14
56 0
56 20
56 5
56 38
57 0
57 2
57 19
57 5
58 27
58 4
58 30
58 52
59 35
59 58
59 3
59 6
60 40
60 33
60 53
60 15
61 10
61 51
61 28
61 39
62 59
62 15
62 38
62 6
63 8
63 49
63 62
63 39
64 9
64 35
64 54
64 22
65 3
65 23
65 15
65 63
66 56
66 25
66 3
66 38
67 1
67 7
67 30
67 57
68 32
68 4
68 36
68 47
69 9
69 35
69 29
69 39
70 40
70 58
70 52
70 62
71 9
71 42
71 10
71 39
72 0
72 56
72 61
72 6
73 0
73 1
73 58
73 69
74 0
74 41
74 18
74 15
75 56
75 57
75 45
75 5
76 32
76 57
76 38
76 0
77 73
77 42
77 2
77 51
78 18
78 51
78 69
78 61
79 1
79 50
79 10
79 5
80 64
80 0
80 27
80 55
81 25
81 61
81 9
81 79
82 0
82 11
82 20
82 52
83 0
83 25
83 50
83 60
84 16
84 57
84 50
84 83
85 56
85 13
85 53
85 15
86 81
86 15
86 38
86 6
87 49
87 66
87 22
87 30
88 1
88 29
88 53
88 78
89 1
89 4
89 21
89 57
90 1
90 12
90 53
90 39
91 16
91 85
91 53
91 22
92 34
92 14
92 54
92 7
93 2
93 11
93 53
93 6
94 50
94 27
94 68
94 7
95 9
95 83
95 1
95 7
96 80
96 66
96 4
96 93
97 17
97 3
97 94
97 41
98 0
98 2
98 91
98 22
99 8
99 27
99 4
99 54
100 0
100 32
100 51
100 6
101 1
101 82
101 4
101 13
102 16
102 78
102 5
102 22
103 33
103 2
103 19
103 6
104 24
104 4
104 5
104 94
105 1
105 18
105 51
105 14
106 18
106 3
106 55
106 47
107 0
107 57
107 72
107 30
108 4
108 84
108 6
108 14
109 7
109 28
109 6
109 15
110 106
110 19
110 44
110 74
111 0
111 43
111 6
111 7
112 67
112 66
112 2
112 94
113 56
113 98
113 75
113 101
114 104
114 89
114 9
114 47
115 16
115 30
115 38
115 47
116 65
116 89
116 58
116 1
117 8
117 17
117 2
117 44
118 57
118 4
118 117
118 79
119 82
119 4
119 77
119 30
120 110
120 4
120 45
120 14
121 16
121 97
121 82
121 10
122 19
122 99
122 4
122 103
123 88
123 62
123 106
123 54
124 121
124 3
124 68
124 119
125 16
125 17
125 68
125 63
126 120
126 121
126 0
126 31
127 82
127 4
127 15
127 71
128 120
128 19
128 11
128 78
129 11
129 20
129 101
129 39
130 8
130 98
130 118
130 6
131 1
131 13
131 68
131 61
132 57
132 50
132 53
132 97
133 3
133 4
133 117
133 54
134 19
134 1
134 10
134 11
135 85
135 44
135 109
135 30
136 32
136 120
136 14
136 39
137 106
137 2
137 61
137 71
138 33
138 51
138 109
138 6
139 0
139 66
139 90
139 109
140 89
140 106
140 19
140 30
141 44
141 6
141 70
141 7
142 62
142 51
142 53
142 110
143 1
143 66
143 3
143 5
144 57
144 138
144 139
144 41
145 57
145 123
145 105
145 87
146 89
146 12
146 85
146 6
147 17
147 3
147 53
147 7
148 82
148 4
148 14
148 7
149 0
149 138
149 3
149 15
150 121
150 18
150 51
150 25
151 1
151 91
151 19
151 133
152 0
152 115
152 80
152 15
153 16
153 25
153 22
153 55
154 106
154 67
154 21
154 98
155 8
155 3
155 18
155 99
156 0
156 121
156 10
156 3
157 89
157 25
157 34
157 59
158 24
158 3
158 110
158 7
159 0
159 150
159 109
159 110
160 120
160 106
160 91
160 37
161 40
161 1
161 2
161 29
162 64
162 153
162 35
162 15
163 85
163 37
163 20
163 4
164 0
164 35
164 4
164 77
POSITIONS
-24.483541 -16.575459
-38.731182 44.855648
-49.051453 -65.6052
30.841835 32.43961
12.902826 -49.5884
44.118244 -56.49497
-53.381893 -1.9748574
-70.9687 -88.82673
7.482615 -18.26847
-53.455086 106.43801
7.692979 89.40943
-21.889633 101.490265
-139.08882 -99.21797
66.15963 3.4260428
40.39262 93.31573
29.751745 -119.4031
62.51964 35.18742
36.345272 -87.83722
5.0507097 13.56439
27.288618 64.15894
-93.414375 43.749485
34.30976 0.5489371
-110.87561 130.29723
-28.196438 -201.86058
-7.3488064 162.49011
-51.489407 -33.783672
66.96505 -78.923065
1.5888045 45.168488
-25.83255 -87.50305
22.336058 150.52084
-111.43287 -27.221125
91.876625 22.429476
201.01768 61.009457
-110.6855 -59.191372
119.28064 -68.88119
-113.63132 68.58296
108.212715 -126.13776
59.044544 67.33808
-18.42128 -56.19651
88.21538 54.228878
-18.66307 69.78231
126.65287 -99.99309
51.91367 125.82159
-123.03752 31.731398
50.218224 -143.99251
146.97682 78.37115
-219.02457 -34.841698
157.96565 -4.0356946
-65.96641 27.426855
98.58289 -8.779722
120.383 36.908092
-50.183083 74.626495
127.14794 5.6182914
-79.35601 125.02157
-107.37363 -124.776505
-106.07368 4.5869374
-164.66109 80.76225
92.23834 -98.46611
86.288475 86.18889
-80.66816 -18.486372
75.02211 -48.084217
20.769634 118.567825
-31.75953 -170.08629
218.65521 -117.57155
-267.25977 15.616124
173.8349 -169.5892
-82.10105 73.62082
-77.947205 -161.75432
249.92072 -8.223805
-31.85579 183.03603
127.9306 -175.37108
27.270748 234.45183
-157.82425 -26.196848
52.428726 -25.551365
116.0792 100.66107
-102.901535 -90.2153
189.02876 -43.8074
-143.3444 56.86701
5.2446356 -80.591
178.46078 83.69818
-182.43532 -83.63311
105.82236 -39.93512
-148.39195 179.66676
61.838028 -110.502914
240.43828 30.367935
-176.476 -52.196857
67.34275 -214.02089
-116.29512 229.3593
-137.47813 -1.5335705
134.36902 -25.558136
-89.42381 155.67354
-79.914314 -50.467606
150.8393 27.15355
-213.75188 3.1435623
150.75958 -144.37665
-99.70351 100.26863
-260.65826 -88.4251
170.11726 52.669765
-189.57986 -22.328535
-0.21257788 -130.57104
44.261444 173.81645
-158.90787 121.67744
164.37962 -81.95154
-196.59105 73.60287
62.42304 -173.56412
46.741577 208.88503
-26.608559 15.345795
-2.3120937 -182.5564
116.47678 154.66089
-134.82948 -182.83804
190.12842 27.69588
-225.88918 60.759117
27.720587 -232.32887
-290.8206 134.50941
-47.73621 -110.781784
155.95161 -112.80722
181.53467 125.84239
-20.633509 -237.65617
182.16298 -138.21533
-205.58287 146.83597
272.52185 28.344307
44.458927 261.444
-168.09161 -112.73972
17.337002 -157.3205
13.023665 267.4318
258.0042 -143.19502
202.33136 173.81985
-154.4031 25.59736
208.36435 -69.30563
-53.13653 249.31316
-119.35907 -154.44405
211.82388 136.16531
-8.807925 130.60588
-51.18372 -250.91367
79.71743 220.85788
-211.00607 -205.17815
300.47354 90.60747
-51.531033 217.35645
-81.766396 -222.2131
116.538635 68.66644
-138.51108 146.3275
27.610592 -264.32706
13.202893 186.988
-142.27055 -54.14992
196.48022 -216.16852
-67.78785 189.79832
-69.57356 -192.63368
83.21972 119.35703
-201.17241 32.55516
89.373924 -190.81104
-57.653954 159.44714
-102.84476 -181.85625
147.8812 -54.547577
-237.75737 31.049347
1.2751694 -214.34212
146.5658 110.35813
-131.24506 105.63357
232.9951 -48.876526
84.82836 164.8004
-31.275564 -138.1279
206.38632 99.990746
-174.6519 50.35935
-245.499 -116.60658
-117.70107 170.63559
-210.4819 -65.67944
