NODES 135
EDGES 267
0 1
0 2
1 2
3 0
3 1
4 0
4 3
5 0
5 2
6 0
6 1
7 0
7 1
8 0
8 2
9 4
9 5
10 2
10 7
11 1
11 5
12 5
12 7
13 3
13 7
14 5
14 6
15 0
15 13
16 8
16 9
17 10
17 5
18 16
18 6
19 17
19 4
20 8
20 19
21 13
21 15
22 11
22 19
23 13
23 22
24 3
24 5
25 0
25 17
26 1
26 2
27 18
27 7
28 26
28 21
29 28
29 23
30 24
30 0
31 16
31 10
32 0
32 10
33 21
33 23
34 1
34 2
35 2
35 4
36 16
36 6
37 8
37 27
38 8
38 33
39 16
39 7
40 24
40 33
41 16
41 6
42 12
42 13
43 41
43 15
44 1
44 10
45 6
45 23
46 10
46 6
47 10
47 2
48 33
48 10
49 1
49 25
50 2
50 18
51 0
51 10
52 4
52 5
53 24
53 4
54 0
54 5
55 11
55 54
56 37
56 21
57 0
57 21
58 0
58 33
59 0
59 10
60 11
60 6
61 27
61 31
62 8
62 0
63 16
63 25
64 30
64 23
65 5
65 47
66 1
66 5
67 8
67 44
68 57
68 50
69 8
69 23
70 40
70 58
71 16
71 0
72 56
72 18
73 0
73 46
74 51
74 44
75 1
75 4
76 33
76 21
77 67
77 5
78 43
78 15
79 32
79 76
80 6
80 30
81 1
81 12
82 6
82 15
83 24
83 45
84 9
84 23
85 66
85 83
86 0
86 75
87 1
87 52
88 1
88 5
89 14
89 6
90 60
90 6
91 80
91 71
92 80
92 16
93 17
93 74
94 10
94 4
95 0
95 5
96 92
96 13
97 66
97 60
98 66
98 15
99 26
99 75
100 0
100 71
101 80
101 97
102 48
102 42
103 24
103 16
104 9
104 18
105 68
105 12
106 8
106 94
107 27
107 76
108 76
108 21
109 89
109 92
110 10
110 101
111 11
111 15
112 0
112 74
113 5
113 53
114 16
114 44
115 18
115 15
116 16
116 47
117 0
117 9
118 90
118 61
119 97
119 76
120 28
120 14
121 10
121 84
122 33
122 7
123 88
123 13
124 10
124 103
125 16
125 74
126 0
126 70
127 114
127 22
128 0
128 18
129 42
129 21
130 5
130 13
131 0
131 108
132 45
132 21
133 13
133 39
134 21
134 23
POSITIONS
14.249606 -38.23464
-27.447006 -83.35048
59.021755 -60.60808
21.489075 27.532507
-97.14431 -20.334738
-5.161088 49.47686
-44.969868 30.891434
54.311993 -128.8307
-94.20852 11.530307
-25.466032 -43.22454
-12.093582 -14.152605
-62.18003 110.637474
180.63281 -19.073044
105.61612 -137.56854
4.067371 -90.209694
-56.98438 -71.048035
47.192417 46.59006
-146.80334 45.146976
116.69776 -33.34986
-225.35194 126.307816
-247.54059 59.90304
118.23998 30.244846
-257.88043 108.97463
-8.96304 17.7025
-77.32859 206.37451
-138.02766 -57.785004
97.95862 -241.50055
58.076435 113.74503
170.42143 -253.15158
236.49701 -109.086624
-214.7542 82.40369
147.36943 80.38452
65.396416 174.70036
-47.848804 69.83189
158.54568 -72.257454
-147.21774 77.14429
35.247707 -82.021965
-35.488518 231.40617
-280.94196 -10.822254
184.81783 -168.75417
-102.52218 139.28809
-140.01564 -19.313517
276.52628 20.691832
-249.89073 -130.57973
-184.29146 -98.26442
-103.5804 171.27066
-103.965294 -120.47517
197.28879 -49.38975
16.47496 101.91393
-148.39006 -270.3823
274.9399 -62.901295
-166.7313 -1.698939
86.78105 -44.696537
6.96138 271.02594
26.480284 -113.04515
157.81 33.765236
-116.35582 216.75975
159.69814 -148.92245
55.57101 80.69988
-145.90942 -124.903824
42.212658 152.64336
56.49951 322.8655
-89.02996 -149.98788
121.81851 99.64178
-304.73996 28.31199
222.0702 -172.84874
-70.5994 141.50966
-295.22992 -116.10331
398.42258 -80.61948
-139.09996 126.69251
93.56683 9.867514
100.28573 75.6019
-209.02606 31.50241
26.657202 -268.00616
-275.3857 -43.102875
-129.02261 -244.37654
228.05669 138.82115
-274.23233 37.97032
-116.577934 -273.85605
262.8845 270.36557
-212.90994 -56.015503
181.00043 -125.043335
-146.11174 157.91486
-196.10323 113.34654
107.93904 164.57996
-308.45953 180.74405
-12.979205 -301.44864
90.5299 106.33001
24.106833 -162.7727
85.175224 -108.48869
-17.855951 291.22742
-68.66143 -124.546776
-73.50652 -43.644787
-359.91763 59.50196
-44.53543 -172.03824
3.0019476 154.42212
29.768637 -236.15779
119.57714 134.77132
-243.31166 152.78319
17.115492 -397.62634
173.74281 160.63286
-120.94197 -147.6019
323.53275 -8.264799
-63.349747 296.7691
-9.720694 -253.05453
386.61972 31.20709
-213.12563 -132.454
304.88553 50.81235
284.2645 189.11041
-111.289024 -217.7414
127.71867 -114.42818
-197.9886 156.53773
-93.81255 -182.67506
100.809044 296.0476
-273.31784 -75.03597
206.29674 -145.00636
163.86375 191.06853
-70.76451 -213.41754
78.25291 437.59714
164.97496 256.52457
108.5245 -333.36905
110.11073 253.92711
-173.60355 -172.996
233.84134 -233.3925
-157.48518 254.26367
-116.03864 -81.033295
207.65317 43.05227
-424.7831 2.0412505
162.94516 -192.11197
243.0731 195.39522
-6.430771 -206.64723
262.95926 108.05333
-69.32024 257.7883
222.7229 -297.69257
192.9183 135.017
