NODES 60
EDGES 117
0 1
0 2
1 2
3 0
3 2
4 1
4 3
5 0
5 3
6 0
6 2
7 1
7 6
8 3
8 5
9 1
9 2
10 3
10 5
11 10
11 2
12 0
12 3
13 0
13 1
14 9
14 2
15 3
15 7
16 3
16 6
17 10
17 11
18 8
18 6
19 18
19 15
20 0
20 2
21 1
21 19
22 1
22 9
23 9
23 21
24 0
24 21
25 10
25 12
26 1
26 21
27 24
27 2
28 3
28 7
29 8
29 19
30 9
30 27
31 27
31 6
32 6
32 7
33 1
33 4
34 19
34 7
35 2
35 3
36 1
36 20
37 9
37 36
38 36
38 14
39 36
39 15
40 1
40 19
41 26
41 39
42 19
42 36
43 20
43 6
44 0
44 13
45 0
45 3
46 40
46 43
47 18
47 6
48 3
48 7
49 2
49 13
50 2
50 11
51 40
51 6
52 36
52 45
53 26
53 46
54 19
54 35
55 26
55 7
56 16
56 7
57 3
57 13
58 19
58 39
59 3
59 38
POSITIONS
50.00969 -30.674456
-14.121108 4.4674153
-52.717617 -20.870802
10.82525 24.50559
-100.08907 -60.239025
119.26317 -24.547993
-23.367626 71.98906
-56.772224 20.024046
184.69464 55.230034
-102.372795 41.36592
-19.51984 -75.519424
13.494081 61.321495
-58.16958 -91.39928
98.692116 -129.70732
-175.44746 34.205162
43.83653 -62.073467
5.168104 181.39763
-104.09453 -4.0277395
107.42953 26.078737
74.053185 108.33025
-85.026184 -115.56659
144.16554 73.6929
-153.76355 101.469536
75.685455 -49.76981
90.889305 151.09718
-176.20554 -162.27779
128.05782 -62.260628
-59.083134 108.39868
-50.92349 -122.56808
232.61858 150.83481
-218.61884 98.64052
-4.055969 -25.908083
-37.01767 173.2991
-132.75183 -140.61061
82.0627 54.155167
-133.84137 28.825504
18.97326 -146.87108
24.468348 -11.4047365
-184.04773 -111.78625
152.12105 -165.66711
-77.975105 169.50903
133.28131 -253.43286
171.17668 -7.4210777
-207.01265 28.947882
149.98373 -199.64056
140.61383 27.129044
-237.95695 148.14479
160.10083 -37.44316
-91.54235 113.27679
17.137283 -203.35039
104.51972 118.11749
-168.49918 189.62148
189.4071 -138.85127
-26.511988 126.13172
-129.44815 -23.551924
192.29745 -45.037743
-117.975555 180.02644
63.24212 -162.20824
226.89558 46.9205
-206.24715 -32.398987
