NODES 105
EDGES 207
0 1
0 2
1 2
3 0
3 1
4 0
4 1
5 1
5 4
6 0
6 1
7 3
7 4
8 0
8 3
9 1
9 7
10 9
10 4
11 1
11 5
12 1
12 11
13 0
13 7
14 12
14 7
15 1
15 4
16 4
16 13
17 0
17 7
18 2
18 10
19 16
19 7
20 14
20 15
21 15
21 7
22 4
22 13
23 1
23 4
24 0
24 4
25 0
25 7
26 1
26 23
27 1
27 21
28 11
28 7
29 17
29 28
30 12
30 7
31 18
31 20
32 20
32 14
33 3
33 12
34 0
34 23
35 16
35 5
36 8
36 4
37 18
37 15
38 1
38 19
39 20
39 5
40 20
40 7
41 4
41 23
42 11
42 21
43 2
43 14
44 28
44 7
45 0
45 9
46 40
46 7
47 0
47 25
48 0
48 39
49 4
49 22
50 16
50 12
51 16
51 1
52 1
52 15
53 0
53 5
54 3
54 5
55 27
55 14
56 40
56 20
57 1
57 2
58 4
58 45
59 57
59 23
60 24
60 21
61 9
61 45
62 56
62 25
63 25
63 7
64 57
64 23
65 26
65 42
66 36
66 14
67 56
67 20
68 40
68 1
69 34
69 68
70 20
70 7
71 2
71 54
72 4
72 23
73 49
73 18
74 9
74 44
75 61
75 46
76 37
76 46
77 64
77 0
78 1
78 46
79 4
79 39
80 33
80 23
81 64
81 39
82 1
82 11
83 24
83 48
84 25
84 41
85 77
85 39
86 16
86 5
87 22
87 7
88 1
88 9
89 41
89 2
90 65
90 28
91 5
91 85
92 32
92 2
93 0
93 1
94 57
94 84
95 28
95 7
96 1
96 14
97 42
97 44
98 30
98 7
99 57
99 23
100 11
100 44
101 1
101 84
102 17
102 9
103 59
103 36
104 12
104 102
POSITIONS
6.281125 109.65839
-1.5197263 -33.56234
88.555214 -3.8217502
-15.956825 16.901007
33.101772 -4.1992073
83.132805 -43.9442
12.6527 171.09393
-48.746777 29.093042
77.68472 47.817123
-61.623547 101.588905
49.042896 -87.5142
50.542843 101.415375
-103.97212 5.420663
26.65366 48.993584
-85.355774 123.04328
101.94305 -82.91739
72.170845 146.3122
-53.9499 70.525345
194.50604 -165.20995
-54.784676 185.9238
-73.35493 -76.03442
201.11385 25.804634
-106.492935 55.15455
-22.795967 -150.3352
127.64285 99.93192
-79.47229 38.024757
116.194984 -183.63272
154.5383 126.65133
-72.0019 6.9151
16.360937 79.288635
-207.33217 94.997444
68.98958 -260.04916
-5.480008 197.45998
-203.49149 -134.0652
137.52995 23.567045
-6.597706 145.53181
-51.49971 -17.64901
291.7969 -54.42051
-182.8663 60.453327
18.147211 -132.78691
-168.41507 16.45437
99.555374 -153.37106
293.79822 59.61282
-151.77803 170.81409
113.752945 57.941845
-25.783358 276.29053
-123.30865 -136.22626
112.781235 -24.728683
-18.423914 48.805763
-20.48393 -182.25157
134.78229 173.06842
-117.03853 118.563194
88.9553 -201.03183
102.78313 172.83736
24.978016 -66.44445
162.20778 219.35573
-305.18863 8.309745
23.883818 -192.40262
131.79257 229.2823
-167.55252 -198.27368
325.03986 26.60731
-198.56406 234.36397
-303.40936 -77.89039
51.27698 69.42633
-89.27978 -141.26222
245.61674 -147.71979
-78.190575 245.81711
-335.52124 -86.727295
83.41878 82.4325
106.88532 249.36913
-133.945 -176.77066
213.47925 55.318985
-165.88406 -80.73822
169.74692 -305.6652
17.007862 237.76527
-305.85602 -23.683294
218.87834 -81.07415
-216.63203 49.555027
-57.260784 -235.32985
152.39465 52.762417
-221.24413 -251.95581
136.91998 -216.20526
-85.03765 175.49513
-11.688596 -65.79949
142.30931 -50.094666
-231.15685 -117.98328
201.88548 -38.07819
-116.25113 215.84453
-182.66739 -34.01314
243.37375 -115.7985
-95.81591 -53.23772
-96.027885 -229.72527
195.04369 219.69183
-131.08629 24.79347
228.89088 -210.53685
-154.34428 134.93118
-135.47098 -90.68893
356.24988 50.45609
-281.16788 93.12541
25.834314 -323.54953
139.58273 262.6374
-103.88688 -85.63202
72.234825 -109.5473
-263.06104 27.787998
-15.153426 -236.57684
