NODES 120
EDGES 237
0 1
0 2
1 2
3 1
3 2
4 0
4 2
5 0
5 2
6 0
6 2
7 1
7 2
8 1
8 7
9 0
9 5
10 1
10 7
11 1
11 5
12 0
12 4
13 8
13 0
14 0
14 2
15 0
15 13
16 2
16 5
17 1
17 4
18 1
18 5
19 2
19 5
20 1
20 13
21 1
21 11
22 0
22 3
23 1
23 4
24 0
24 3
25 0
25 20
26 17
26 10
27 10
27 2
28 0
28 1
29 0
29 2
30 1
30 5
31 0
31 26
32 0
32 6
33 2
33 5
34 26
34 5
35 18
35 5
36 34
36 13
37 17
37 35
38 2
38 10
39 18
39 21
40 16
40 36
41 26
41 14
42 10
42 21
43 2
43 31
44 24
44 0
45 8
45 17
46 0
46 2
47 0
47 1
48 3
48 5
49 0
49 1
50 29
50 21
51 29
51 30
52 2
52 7
53 0
53 6
54 27
54 47
55 0
55 25
56 2
56 5
57 2
57 35
58 25
58 27
59 10
59 55
60 19
60 15
61 0
61 13
62 1
62 7
63 49
63 23
64 59
64 5
65 52
65 38
66 35
66 3
67 1
67 55
68 52
68 30
69 10
69 35
70 59
70 29
71 49
71 10
72 1
72 2
73 2
73 63
74 10
74 60
75 31
75 23
76 17
76 10
77 1
77 10
78 58
78 18
79 4
79 7
80 12
80 13
81 8
81 31
82 2
82 4
83 64
83 2
84 3
84 44
85 41
85 2
86 3
86 15
87 66
87 19
88 10
88 11
89 65
89 52
90 40
90 52
91 65
91 34
92 59
92 85
93 3
93 19
94 1
94 54
95 1
95 2
96 5
96 45
97 10
97 20
98 24
98 21
99 1
99 35
100 37
100 45
101 83
101 31
102 5
102 13
103 0
103 2
104 97
104 36
105 83
105 4
106 18
106 26
107 36
107 60
108 9
108 25
109 1
109 49
110 8
110 73
111 104
111 1
112 76
112 45
113 98
113 55
114 89
114 113
115 1
115 23
116 106
116 23
117 1
117 20
118 1
118 107
119 0
119 3
POSITIONS
-28.678118 23.830143
-34.01418 -23.929008
-90.650215 -2.772507
-46.019592 120.457664
-89.080894 63.44819
-4.4390163 48.164265
-34.5604 181.86392
-31.50601 -84.918015
151.19998 0.74371856
-120.84539 135.41708
30.671694 -20.893393
77.901306 55.653427
-176.41064 -30.27103
97.56143 -77.25682
-186.61885 38.925392
96.968155 -153.1687
52.0489 117.07343
62.385017 83.79885
21.182207 -51.445877
6.568991 123.953186
-22.703249 -143.18298
167.62193 126.88238
-149.86557 115.51941
0.3700514 -87.70906
67.00757 205.93852
-76.82309 111.81161
-0.9920718 -119.67717
-54.44276 42.808636
-108.152145 -68.32504
28.350168 49.52144
-101.71979 27.692484
-27.881704 -218.84303
-16.838034 245.8387
-120.21047 -122.17794
146.78609 -147.18814
0.7236654 163.80667
127.477196 -231.46913
107.45399 292.76752
-22.345228 -177.39577
259.39194 -12.137531
-30.04279 148.18057
-177.11343 -67.57588
256.2379 92.32627
-205.69781 -81.9431
138.15881 94.949936
189.64548 159.24928
-230.65852 -54.88758
32.287136 -89.91409
-50.703804 236.18382
34.79263 -121.81417
253.9461 188.93501
-218.44826 82.807594
58.37048 -143.44432
0.9934766 272.41006
-81.824005 -212.24373
-26.233643 95.311775
-173.67001 79.14403
-76.9807 -61.128124
115.20102 123.7866
-129.72539 0.071881704
241.48279 -74.94156
77.03923 146.57549
-123.04392 -192.76727
202.70012 -78.77861
-240.98584 -24.599855
136.30576 -314.4761
-12.730823 330.60886
-178.96234 -99.52667
136.21138 -60.87492
-114.40356 214.4271
-68.72739 -170.44534
194.23245 17.451809
-232.68147 -99.13165
178.83481 -100.09635
189.75049 70.17441
-74.66461 -314.28802
188.90977 -14.102858
-160.7858 7.7693615
134.30309 -176.65555
32.636868 142.51282
-196.13277 -177.4163
228.52148 -180.0497
-151.60316 148.36955
-166.97145 -164.23991
199.99428 190.98515
-293.29175 62.6364
166.93712 -172.0498
29.435585 393.4622
-129.98615 -91.712944
205.76382 -240.66222
-178.14638 130.49446
190.77983 -380.78732
-243.61848 216.00041
-212.07146 158.9264
8.775091 -248.92053
-90.52918 145.66048
-1.0920489 -24.635664
78.898056 -216.38112
29.930956 314.97794
76.762825 -35.015537
200.31183 359.69717
-183.445 -326.84872
222.5638 2.571534
-136.57683 176.62025
-19.362535 -320.9938
59.866554 -7.849328
-206.62836 -19.740625
315.4852 -215.26431
-168.44823 295.6604
-148.19276 -212.55453
353.96585 -19.322277
-242.40593 -139.46555
297.10938 -81.55682
58.43271 274.37842
53.689095 23.53674
117.2928 -125.55572
-265.9953 79.33681
-91.54533 -244.9656
276.58237 -57.008114
-185.82962 177.23941
