NODES 165
EDGES 489
0 1
0 2
0 3
1 2
1 3
2 3
4 0
4 1
4 3
5 0
5 1
5 3
6 2
6 3
6 5
7 1
7 4
7 5
8 0
8 3
8 6
9 0
9 1
9 3
10 2
10 3
10 5
11 8
11 10
11 2
12 8
12 0
12 4
13 1
13 2
13 10
14 10
14 3
14 6
15 0
15 3
15 5
16 1
16 2
16 5
17 2
17 10
17 3
18 0
18 3
18 14
19 10
19 3
19 6
20 3
20 4
20 13
21 1
21 2
21 14
22 0
22 2
22 6
23 0
23 2
23 13
24 3
24 14
24 15
25 17
25 21
25 14
26 0
26 9
26 12
27 9
27 5
27 14
28 24
28 2
28 23
29 10
29 21
29 14
30 13
30 5
30 7
31 9
31 2
31 6
32 8
32 2
32 6
33 0
33 25
33 5
34 26
34 2
34 15
35 2
35 27
35 5
36 0
36 26
36 21
37 0
37 2
37 3
38 4
38 30
38 31
39 0
39 1
39 6
40 0
40 9
40 21
41 21
41 37
41 31
42 2
42 18
42 14
43 16
43 5
43 6
44 42
44 3
44 21
45 8
45 16
45 2
46 44
46 4
46 7
47 9
47 13
47 23
48 35
48 44
48 5
49 0
49 1
49 6
50 0
50 25
50 5
51 5
51 13
51 38
52 25
52 2
52 37
53 34
53 21
53 6
54 9
54 17
54 6
55 1
55 21
55 14
56 25
56 10
56 43
57 24
57 0
57 26
58 13
58 37
58 14
59 0
59 25
59 54
60 10
60 2
60 12
61 26
61 59
61 54
62 3
62 60
62 21
63 49
63 35
63 5
64 27
64 36
64 5
65 56
65 0
65 43
66 0
66 1
66 7
67 1
67 19
67 5
68 34
68 11
68 31
69 0
69 10
69 6
70 50
70 6
70 47
71 33
71 3
71 54
72 0
72 8
72 19
73 34
73 54
73 14
74 56
74 2
74 53
75 33
75 42
75 12
76 2
76 5
76 74
77 16
77 41
77 14
78 0
78 2
78 10
79 9
79 10
79 43
80 56
80 72
80 14
81 61
81 46
81 15
82 3
82 6
82 47
83 48
83 3
83 12
84 80
84 0
84 66
85 43
85 27
85 47
86 9
86 75
86 61
87 74
87 3
87 44
88 36
88 5
88 62
89 40
89 13
89 87
90 40
90 2
90 14
91 40
91 36
91 70
92 62
92 90
92 86
93 49
93 5
93 6
94 35
94 44
94 6
95 0
95 59
95 60
96 1
96 27
96 15
97 40
97 3
97 19
98 25
98 27
98 21
99 1
99 83
99 84
100 16
100 60
100 22
101 34
101 3
101 36
102 32
102 58
102 76
103 16
103 81
103 10
104 16
104 29
104 6
105 23
105 6
105 31
106 81
106 27
106 102
107 106
107 12
107 103
108 2
108 61
108 47
109 24
109 1
109 59
110 3
110 4
110 70
111 25
111 2
111 76
112 21
112 38
112 6
113 3
113 4
113 38
114 0
114 43
114 102
115 54
115 44
115 6
116 24
116 12
116 62
117 56
117 3
117 115
118 40
118 73
118 3
119 3
119 92
119 14
120 0
120 89
120 91
121 0
121 77
121 31
122 0
122 5
122 31
123 26
123 12
123 82
124 0
124 2
124 15
125 0
125 90
125 118
126 96
126 90
126 84
127 11
127 3
127 20
128 0
128 2
128 44
129 0
129 18
129 5
130 9
130 19
130 6
131 0
131 41
131 12
132 105
132 27
132 36
133 0
133 89
133 36
134 0
134 9
134 88
135 5
135 3
135 93
136 0
136 42
136 40
137 97
137 26
137 44
138 73
138 25
138 78
139 77
139 22
139 31
140 43
140 12
140 14
141 75
141 4
141 14
142 24
142 53
142 135
143 9
143 28
143 6
144 0
144 114
144 111
145 64
145 8
145 26
146 81
146 25
146 39
147 129
147 18
147 6
148 29
148 85
148 6
149 144
149 0
149 21
150 42
150 5
150 87
151 14
151 54
151 47
152 56
152 35
152 21
153 0
153 17
153 64
154 0
154 27
154 59
155 56
155 16
155 122
156 37
156 19
156 5
157 40
157 108
157 52
158 89
158 4
158 1
159 41
159 42
159 158
160 16
160 54
160 6
161 48
161 9
161 8
162 88
162 19
162 6
163 48
163 24
163 6
164 74
164 14
164 39
POSITIONS
-23.709494 -4.402197
-19.776167 -35.89956
-16.39481 21.86939
7.189919 -23.034252
-17.198156 -72.196045
18.467657 -36.88551
45.412937 -8.672258
-13.548251 -83.18882
40.16062 13.546402
29.99764 -2.2327242
7.5472555 30.728703
-2.7419634 -0.07602001
25.703337 28.567797
-5.833619 -45.905594
-37.402233 31.593481
10.129708 1.4702126
-3.02627 52.09589
12.335144 41.075024
-43.67289 -38.589188
41.0611 -46.70933
-3.560443 -76.3844
-38.20593 9.016527
-42.249664 21.86596
32.048363 -21.886606
65.776085 11.229704
-29.885426 72.103035
50.521187 10.622575
29.672262 14.381598
65.782295 -3.5999913
8.76541 54.035076
-0.84365815 -94.3652
-38.856083 -29.231834
28.320118 44.837593
-7.2111745 32.960804
-12.3968725 11.127647
55.300495 -24.500341
-8.495664 -52.6499
-54.926464 -3.215598
-14.27511 -99.11178
-16.072552 36.749218
-62.441666 -24.490164
-83.224785 -14.414193
-55.36746 -30.2335
22.211298 65.225784
29.824224 -40.198414
13.8681555 48.31946
16.678553 -53.21184
58.792877 3.525265
75.928505 -37.943882
42.855873 -56.49242
-2.5982816 -10.398837
5.724693 -89.350204
-65.755394 47.807186
11.715653 13.437014
48.72693 56.265236
-59.422676 3.5391035
-14.922489 72.84819
56.243923 17.36087
-50.670567 23.911482
23.0483 74.645874
-7.0048046 61.655678
45.30938 75.99643
-0.30819845 15.903187
59.91095 -63.40476
44.973988 -24.923552
-6.4611697 73.96606
-53.65555 -55.150265
23.137606 -70.513756
-42.876274 -9.869849
17.696632 10.350611
27.720379 -53.947903
33.01084 36.317974
2.2655792 -4.7496123
-43.136837 57.66386
-33.71357 45.42888
-27.755009 28.271269
-26.573158 58.521664
-79.42665 16.444712
-37.888744 51.46501
36.737583 50.733223
-58.41664 25.26771
37.681915 68.99096
78.82889 -1.3762347
31.176117 -30.235628
-79.12343 -29.400526
69.93804 46.122135
0.40111265 61.999508
-32.537365 -47.358482
21.20003 -60.429268
-62.114986 -73.35531
-85.06601 19.841719
-37.196224 -74.41489
-55.895477 48.650467
65.11002 -56.93611
68.30718 -38.341038
0.06139993 73.5147
-33.586113 -19.280571
12.725175 -59.775673
-20.387949 51.32746
-41.0727 -51.404346
-36.10313 70.543785
-11.995978 -30.42167
-10.031902 88.13535
31.151243 86.94918
30.542908 54.172123
32.67104 -56.475887
38.30156 91.08964
47.83936 93.17461
14.73866 56.74969
44.61934 28.93998
14.037211 -78.89136
-50.017582 77.35961
0.0934815 -61.37199
-9.370064 -93.027084
-27.749504 83.12806
67.60227 22.652245
55.07412 31.868568
40.019737 38.60232
-71.96472 7.014156
-53.43652 32.557495
-56.725346 -70.78363
-73.95731 -9.465866
-38.115383 -9.703295
81.39316 21.493994
-9.915387 5.963993
-90.1693 9.837199
-94.68262 -13.907442
-3.7887063 -60.111267
-8.295882 -16.37616
-29.082954 -56.113083
64.34748 -30.735098
-51.607384 5.4731894
29.95939 -62.23559
-48.85221 -64.67687
7.5211067 -40.73249
64.060814 -49.322285
-72.2974 -33.982567
53.322887 -45.646393
-53.802734 85.35748
-82.18279 2.2762914
8.284758 70.50276
-50.5965 -11.571004
75.52839 -17.377552
75.04708 -9.481709
-63.69134 66.62843
75.2161 3.0259476
0.13981578 89.72188
-19.236584 -58.288937
64.98223 45.50616
-70.01755 35.021164
-38.396824 -61.269825
43.80998 46.4414
0.5381262 36.145443
19.696808 4.2444005
21.073874 45.85536
-33.66713 60.448956
2.9967933 -53.631718
-63.153378 39.39643
-62.34815 -81.673294
-88.98354 -55.838303
54.579224 48.946987
80.339615 -13.272277
54.018223 -61.83648
91.9817 -17.121256
-51.28471 58.73057
