NODES 165
EDGES 489
0 1
0 2
0 3
1 2
1 3
2 3
4 0
4 1
4 3
5 0
5 1
5 3
6 2
6 3
6 5
7 1
7 4
7 5
8 0
8 3
8 6
9 0
9 1
9 3
10 2
10 3
10 5
11 8
11 10
11 2
12 8
12 0
12 4
13 1
13 2
13 10
14 10
14 3
14 6
15 0
15 3
15 5
16 1
16 2
16 5
17 2
17 10
17 3
18 0
18 3
18 14
19 10
19 3
19 6
20 3
20 4
20 13
21 1
21 2
21 14
22 0
22 2
22 6
23 0
23 2
23 13
24 3
24 14
24 15
25 17
25 21
25 14
26 0
26 9
26 12
27 9
27 5
27 14
28 24
28 2
28 23
29 10
29 21
29 14
30 13
30 5
30 7
31 9
31 2
31 6
32 8
32 2
32 6
33 0
33 25
33 5
34 26
34 2
34 15
35 2
35 27
35 5
36 0
36 26
36 21
37 0
37 2
37 3
38 4
38 30
38 31
39 0
39 1
39 6
40 0
40 9
40 21
41 21
41 37
41 31
42 2
42 18
42 14
43 16
43 5
43 6
44 42
44 3
44 21
45 8
45 16
45 2
46 44
46 4
46 7
47 9
47 13
47 23
48 35
48 44
48 5
49 0
49 1
49 6
50 0
50 25
50 5
51 5
51 13
51 38
52 25
52 2
52 37
53 34
53 21
53 6
54 9
54 17
54 6
55 1
55 21
55 14
56 25
56 10
56 43
57 24
57 0
57 26
58 13
58 37
58 14
59 0
59 25
59 54
60 10
60 2
60 12
61 26
61 59
61 54
62 3
62 60
62 21
63 49
63 35
63 5
64 27
64 36
64 5
65 56
65 0
65 43
66 0
66 1
66 7
67 1
67 19
67 5
68 34
68 11
68 31
69 0
69 10
69 6
70 50
70 6
70 47
71 33
71 3
71 54
72 0
72 8
72 19
73 34
73 54
73 14
74 56
74 2
74 53
75 33
75 42
75 12
76 2
76 5
76 74
77 16
77 41
77 14
78 0
78 2
78 10
79 9
79 10
79 43
80 56
80 72
80 14
81 61
81 46
81 15
82 3
82 6
82 47
83 48
83 3
83 12
84 80
84 0
84 66
85 43
85 27
85 47
86 9
86 75
86 61
87 74
87 3
87 44
88 36
88 5
88 62
89 40
89 13
89 87
90 40
90 2
90 14
91 40
91 36
91 70
92 62
92 90
92 86
93 49
93 5
93 6
94 35
94 44
94 6
95 0
95 59
95 60
96 1
96 27
96 15
97 40
97 3
97 19
98 25
98 27
98 21
99 1
99 83
99 84
100 16
100 60
100 22
101 34
101 3
101 36
102 32
102 58
102 76
103 16
103 81
103 10
104 16
104 29
104 6
105 23
105 6
105 31
106 81
106 27
106 102
107 106
107 12
107 103
108 2
108 61
108 47
109 24
109 1
109 59
110 3
110 4
110 70
111 25
111 2
111 76
112 21
112 38
112 6
113 3
113 4
113 38
114 0
114 43
114 102
115 54
115 44
115 6
116 24
116 12
116 62
117 56
117 3
117 115
118 40
118 73
118 3
119 3
119 92
119 14
120 0
120 89
120 91
121 0
121 77
121 31
122 0
122 5
122 31
123 26
123 12
123 82
124 0
124 2
124 15
125 0
125 90
125 118
126 96
126 90
126 84
127 11
127 3
127 20
128 0
128 2
128 44
129 0
129 18
129 5
130 9
130 19
130 6
131 0
131 41
131 12
132 105
132 27
132 36
133 0
133 89
133 36
134 0
134 9
134 88
135 5
135 3
135 93
136 0
136 42
136 40
137 97
137 26
137 44
138 73
138 25
138 78
139 77
139 22
139 31
140 43
140 12
140 14
141 75
141 4
141 14
142 24
142 53
142 135
143 9
143 28
143 6
144 0
144 114
144 111
145 64
145 8
145 26
146 81
146 25
146 39
147 129
147 18
147 6
148 29
148 85
148 6
149 144
149 0
149 21
150 42
150 5
150 87
151 14
151 54
151 47
152 56
152 35
152 21
153 0
153 17
153 64
154 0
154 27
154 59
155 56
155 16
155 122
156 37
156 19
156 5
157 40
157 108
157 52
158 89
158 4
158 1
159 41
159 42
159 158
160 16
160 54
160 6
161 48
161 9
161 8
162 88
162 19
162 6
163 48
163 24
163 6
164 74
164 14
164 39
POSITIONS
24.576284 -24.624084
-55.042477 -45.45124
48.135815 26.599
-18.973291 36.40257
-64.94433 -104.62163
-105.399475 21.792774
-40.92113 13.17202
-174.75092 -148.00417
-6.20402 129.78638
-69.30476 -14.095866
-37.619347 -18.62951
50.8105 100.96208
27.487335 -118.17812
84.68575 -3.311069
-31.990469 65.61644
15.108124 -55.143543
-55.590015 167.89351
-135.4459 10.815914
133.87967 97.560234
-130.09265 42.353806
-132.34602 -87.28554
76.60529 -34.27805
11.898322 167.89107
138.28214 -74.97589
-89.54949 145.67291
-82.87999 -61.202515
107.14837 -43.814278
-197.5783 65.06513
-94.00199 -91.20499
11.799179 27.669643
-198.21393 -18.141127
47.31434 -47.155495
172.70747 99.734
-128.98083 -175.61024
223.37785 -64.367134
-37.896507 114.71215
1.5853374 -138.7842
144.20482 6.1044717
-184.79619 -114.33424
-21.953648 -165.29393
194.50429 17.199005
96.64676 -116.76138
139.13515 -42.995033
-195.13539 133.98209
95.35199 -73.56064
116.94658 238.4779
-62.508347 -272.5659
39.22752 -81.97338
-168.1429 105.498795
-88.66956 -126.01127
58.775623 -111.466736
-195.07846 16.381577
192.61449 -73.1897
63.77995 172.62796
-42.344315 -127.281006
128.9912 37.672573
-136.16205 106.41218
126.24717 -104.616264
236.82686 98.48682
-161.62077 -74.36828
116.122925 -9.217643
1.431677 -2.5750551
7.5162287 -86.236595
80.09143 28.343391
-272.11148 41.613914
-165.30345 -29.565645
62.638794 55.145103
-252.60068 -83.53471
302.0205 -56.708015
-87.08173 93.83303
85.220566 -244.80962
53.86003 -11.7753
-151.35266 78.24663
148.40123 -173.3071
-16.130352 219.32715
17.772293 -289.6659
116.7656 124.578735
-29.018158 248.61827
-10.285421 -196.42557
-116.08508 181.1678
-199.96056 102.341064
78.81795 -190.64645
77.56246 83.42393
-109.65271 -150.1445
165.84671 67.16642
-296.43542 115.40964
45.287636 -147.376
136.86382 200.06618
-64.535576 -231.20244
284.5388 32.160603
97.87286 150.39403
209.7662 -254.5122
92.73514 186.24583
-248.70193 -50.81476
166.7984 -26.91309
-98.86337 64.09432
-116.47748 -14.947977
161.3794 166.70201
-227.88412 117.95652
106.54259 -220.96147
73.81108 294.66464
-38.42898 -211.62128
252.54372 31.59957
-0.05585512 62.190186
-39.26486 -85.569115
108.99274 77.45552
-15.606922 -64.1082
130.57924 -199.85999
204.48387 116.75456
-283.14102 -46.167747
157.5764 -142.65948
20.496048 111.1992
-52.294437 -177.81383
-69.62071 120.644394
-8.8215275 -32.84879
54.014988 -210.86047
-119.12019 133.4692
-78.85045 -158.86465
270.52542 -19.833416
-139.97458 202.45943
283.44196 -165.72157
56.1359 214.12285
-166.30908 2.412957
254.5649 -51.40197
-63.494804 71.2127
178.01387 -101.635376
190.27946 237.68846
-219.81601 36.675003
197.04237 -139.18077
33.625546 191.38351
-217.92142 -103.55946
200.33554 -42.137287
-148.34712 147.54025
207.73848 -175.50214
30.699844 53.445576
-243.7607 90.17296
302.15182 -24.708342
176.11119 131.55467
-10.845835 -327.966
96.38667 262.99866
-241.467 12.212827
0.9431479 -251.48236
-120.34667 312.24634
-215.58574 -152.96875
218.14268 38.768093
-116.49512 224.20212
30.83966 -318.87625
118.748856 285.88806
-279.94147 7.489023
256.33362 -83.381355
23.25639 222.58232
-120.2139 -208.56421
121.41829 172.05392
-288.52576 74.67906
-153.35149 -124.21205
-174.57475 272.17108
-217.52411 -43.65634
356.43802 74.55703
-72.186584 19.908806
41.374912 -240.25568
46.380085 132.6532
-234.40671 168.93175
14.487067 -176.18655
-184.85857 236.14633
-190.80162 -61.255226
