NODES 180
EDGES 357
0 1
0 2
1 2
3 0
3 1
4 0
4 3
5 0
5 3
6 1
6 5
7 2
7 3
8 1
8 3
9 1
9 5
10 1
10 3
11 3
11 5
12 9
12 1
13 9
13 1
14 9
14 3
15 1
15 3
16 1
16 9
17 16
17 4
18 0
18 5
19 9
19 3
20 9
20 4
21 9
21 10
22 1
22 5
23 10
23 3
24 3
24 21
25 1
25 7
26 9
26 3
27 26
27 3
28 1
28 4
29 2
29 13
30 10
30 4
31 9
31 3
32 16
32 3
33 9
33 5
34 3
34 22
35 10
35 31
36 8
36 29
37 0
37 25
38 1
38 28
39 0
39 10
40 26
40 28
41 4
41 31
42 40
42 18
43 25
43 3
44 1
44 9
45 3
45 37
46 42
46 38
47 3
47 12
48 11
48 3
49 25
49 19
50 11
50 38
51 2
51 37
52 25
52 10
53 26
53 36
54 1
54 4
55 25
55 50
56 2
56 3
57 10
57 30
58 9
58 4
59 42
59 7
60 0
60 3
61 0
61 3
62 42
62 45
63 25
63 5
64 2
64 4
65 18
65 53
66 57
66 4
67 1
67 59
68 25
68 12
69 10
69 29
70 10
70 3
71 32
71 46
72 52
72 5
73 10
73 50
74 8
74 6
75 41
75 4
76 25
76 55
77 12
77 31
78 42
78 3
79 16
79 7
80 1
80 26
81 0
81 1
82 76
82 15
83 3
83 5
84 42
84 35
85 0
85 9
86 50
86 83
87 7
87 55
88 73
88 3
89 12
89 77
90 57
90 2
91 2
91 37
92 1
92 82
93 17
93 4
94 17
94 13
95 1
95 50
96 65
96 10
97 6
97 7
98 88
98 43
99 0
99 52
100 40
100 86
101 28
101 45
102 25
102 4
103 0
103 85
104 60
104 54
105 4
105 29
106 41
106 9
107 25
107 3
108 13
108 53
109 1
109 26
110 1
110 3
111 29
111 94
112 1
112 22
113 29
113 110
114 3
114 83
115 20
115 46
116 43
116 68
117 72
117 26
118 89
118 102
119 6
119 7
120 57
120 20
121 80
121 18
122 25
122 3
123 1
123 10
124 4
124 5
125 9
125 100
126 20
126 29
127 51
127 14
128 4
128 6
129 65
129 17
130 1
130 4
131 16
131 4
132 58
132 21
133 66
133 53
134 20
134 77
135 1
135 38
136 3
136 85
137 107
137 54
138 82
138 7
139 77
139 54
140 43
140 126
141 129
141 10
142 80
142 42
143 1
143 21
144 65
144 25
145 10
145 3
146 1
146 67
147 102
147 22
148 4
148 13
149 71
149 79
150 16
150 43
151 9
151 37
152 10
152 38
153 3
153 83
154 129
154 100
155 16
155 19
156 0
156 129
157 83
157 3
158 107
158 4
159 28
159 61
160 80
160 77
161 107
161 31
162 42
162 6
163 81
163 12
164 1
164 9
165 113
165 9
166 154
166 62
167 1
167 54
168 80
168 12
169 16
169 43
170 74
170 28
171 90
171 109
172 96
172 42
173 16
173 139
174 112
174 118
175 16
175 151
176 0
176 61
177 1
177 11
178 10
178 20
179 58
179 31
POSITIONS
-2.3772461 -39.21803
-69.132706 -64.289604
-92.71478 71.707375
-22.763693 -4.916648
-131.81691 -51.271595
-55.46395 -94.46637
89.30571 8.624419
-24.26914 45.09701
89.42601 94.00699
-84.27122 40.86028
74.786514 -171.93129
-42.347137 132.53996
-56.53017 103.85476
1.8960509 74.346436
-268.0943 93.51345
24.649479 -56.3515
30.003933 135.17268
-93.472885 103.688866
145.09183 -105.611534
-83.72933 150.1092
46.94947 -96.63436
25.295336 0.76222277
45.57102 25.518969
89.944145 -245.69699
98.19857 163.59851
15.189887 -100.54955
-54.42931 -9.416355
-61.3805 174.25198
-51.17441 -139.24507
152.25188 178.02834
-103.69415 -180.7512
-163.61983 61.792732
128.89444 234.20016
-196.53209 -95.426704
192.32553 76.972755
49.76138 64.61098
249.17824 56.7798
-47.048264 -41.119263
-77.59358 -31.594048
217.80296 -184.00504
91.78345 44.570206
-310.02307 -154.01631
201.54628 -87.34253
-208.34145 131.20949
-9.3581295 -148.25168
-47.64046 72.29545
116.722244 -90.80726
92.02584 -51.526196
-100.01923 244.55548
-135.66893 -181.89769
181.28362 46.94983
-295.16107 14.400156
31.285503 -309.53708
151.13835 36.222977
-82.439606 -111.61972
286.3924 11.310906
-143.54453 186.5917
-11.95089 -233.42236
-204.04044 185.35579
-110.373024 -127.25423
59.251003 -203.22792
-1.1042205 106.205475
-99.67414 -54.74839
127.2625 -53.54896
-257.27963 52.36205
173.05098 -195.16634
74.708046 -139.93211
-194.49315 -272.89362
-1.197349 22.922873
121.13577 118.32988
33.606396 -256.64023
308.94186 129.79297
-138.12418 -304.6896
199.71753 -212.85512
222.08768 223.96916
-292.9114 -245.74393
173.86902 113.20485
-44.556454 262.94693
190.0636 -168.07005
229.09901 160.79694
-85.33288 195.47186
118.82766 27.472378
-9.178911 210.98572
-26.145836 -175.49452
276.99988 128.22311
-135.03265 79.393105
265.24075 -82.321
221.93958 191.97742
-153.9473 -126.284515
196.31485 145.03722
-207.7245 73.787834
15.015622 -195.311
36.210743 260.16312
-324.02872 28.20914
161.27573 -0.8535849
22.450542 166.26845
102.21637 -359.27594
249.76744 88.75834
-373.2497 68.99631
136.08177 -306.81985
244.05795 120.22866
-227.73305 -88.35737
192.85591 -15.5088415
-189.32127 156.94237
-13.17998 -363.0227
160.35475 240.0901
-347.72064 -68.064224
-34.315365 -70.461494
21.49496 288.57504
-244.91238 -6.400123
137.42906 88.32448
93.75523 202.87703
-55.516415 -188.96054
331.0208 263.38516
-190.14365 -164.28932
190.0123 -275.90588
-180.79413 284.6913
-186.75208 -321.1681
326.89722 156.28204
-191.5143 46.111614
113.22765 -329.2301
88.515465 238.31006
-167.3057 -186.69856
180.82236 -137.44011
-239.125 79.93592
42.780197 -142.00969
53.963085 214.24713
-454.52115 65.984024
105.449875 -131.09718
69.67935 -19.766972
-234.19736 -196.6375
190.84373 16.417418
-206.91081 266.2003
224.63817 -236.3522
26.017977 229.83484
-284.7146 -112.770065
128.52812 -3.0055645
-208.56548 -9.033425
-82.866745 -143.62483
149.70096 209.91408
-277.0036 261.6493
239.1422 -207.83156
114.72356 262.8762
-105.748085 -212.67818
281.76678 -152.94455
-112.59582 8.454578
-123.22809 -333.01108
274.46994 178.72447
-278.3217 -23.976276
449.0916 114.109436
-133.75279 307.974
-56.765255 -221.68304
222.24542 -59.882442
-215.94318 -58.62108
101.92319 -20.784899
87.96631 340.1596
-144.08511 -21.716715
120.54205 -172.99124
-186.66954 97.97118
-97.67035 -243.6305
22.834297 388.2939
-287.24698 -66.47272
319.15332 -144.3041
-12.402493 313.8225
-221.36107 -129.16753
339.93524 121.856224
-288.58075 45.714466
-74.35382 -284.22055
-38.884056 295.28467
-272.09842 191.93155
271.7612 -30.493546
-357.90643 185.02663
147.90094 -382.16672
260.03894 284.45905
-80.50455 9.107679
121.851105 -211.2684
53.464024 287.10944
-253.11154 -107.82721
270.46268 -214.36856
-262.15018 289.9932
