NODES 75
EDGES 219
0 1
0 2
0 3
1 2
1 3
2 3
4 0
4 1
4 3
5 1
5 2
5 4
6 1
6 4
6 5
7 0
7 1
7 2
8 0
8 4
8 6
9 3
9 4
9 6
10 0
10 1
10 5
11 1
11 6
11 7
12 0
12 11
12 6
13 2
13 11
13 4
14 2
14 11
14 6
15 5
15 11
15 13
16 9
16 5
16 6
17 0
17 11
17 5
18 17
18 4
18 15
19 0
19 1
19 5
20 0
20 9
20 17
21 19
21 11
21 12
22 9
22 21
22 6
23 8
23 11
23 22
24 8
24 18
24 11
25 1
25 12
25 22
26 0
26 9
26 19
27 25
27 11
27 5
28 20
28 5
28 23
29 8
29 4
29 6
30 17
30 18
30 6
31 2
31 3
31 22
32 25
32 20
32 15
33 26
33 18
33 4
34 11
34 3
34 23
35 1
35 2
35 23
36 0
36 25
36 7
37 16
37 9
37 22
38 17
38 11
38 13
39 25
39 5
39 30
40 33
40 18
40 1
41 11
41 35
41 37
42 18
42 22
42 39
43 24
43 25
43 1
44 1
44 10
44 22
45 43
45 38
45 6
46 33
46 19
46 45
47 16
47 32
47 43
48 0
48 3
48 37
49 48
49 17
49 43
50 41
50 11
50 4
51 17
51 37
51 9
52 49
52 4
52 23
53 8
53 9
53 1
54 18
54 2
54 22
55 8
55 17
55 11
56 26
56 2
56 31
57 9
57 11
57 23
58 16
58 1
58 47
59 40
59 9
59 27
60 42
60 44
60 29
61 11
61 4
61 5
62 2
62 22
62 23
63 24
63 1
63 18
64 11
64 5
64 38
65 13
65 2
65 53
66 3
66 19
66 23
67 5
67 14
67 63
68 40
68 62
68 15
69 27
69 43
69 38
70 48
70 20
70 55
71 46
71 11
71 70
72 40
72 21
72 46
73 57
73 35
73 1
74 9
74 51
74 20
POSITIONS
-5.996858 -19.173803
6.857832 -9.32389
30.784853 -35.920376
-2.8673615 -42.639507
-7.9844246 12.148257
19.59135 7.360842
3.0318387 19.970287
19.828655 -26.980799
-17.219475 14.400339
-27.147871 -21.162785
10.3012295 -3.0255566
3.1664119 6.957167
15.899871 17.127825
35.703144 -6.066356
39.82801 0.9598463
43.51962 10.942233
-35.81482 4.3314447
-16.126009 5.2928553
30.836348 37.952118
-9.554952 -5.4746923
-32.99253 -28.811714
10.898096 25.882095
26.851425 -11.253839
3.664815 -35.362484
7.8985887 46.01994
32.116272 12.700237
-15.135278 -19.162449
15.4300995 40.74895
-5.527931 -33.969837
1.7510235 38.617493
33.485886 30.090742
26.810959 -52.422516
11.165574 0.8417227
-4.677303 42.88772
8.282981 -43.335617
-9.121051 -44.874767
28.651342 -21.778814
-42.54303 -21.352484
12.83868 35.47823
52.06492 28.46631
20.34234 48.13636
-34.035572 -14.292287
53.174873 36.655483
-15.731512 40.208286
28.780245 15.8761835
-11.720872 54.62847
-23.861063 51.686836
-35.54298 24.228086
-49.171314 -19.019276
-45.819756 7.8551893
-27.4037 8.342581
-49.894585 -29.42086
-30.474388 -5.728355
-0.8597132 -26.178417
49.383583 -8.68685
-35.978683 13.190492
18.841923 -54.54431
-18.866173 -39.507492
-42.73432 13.951613
-5.651542 35.68071
38.609776 49.3172
-2.8174706 24.361616
45.978275 -26.164612
38.271942 39.501774
24.45412 26.46084
38.82744 -36.714203
-6.6379204 -51.28046
50.945908 20.58251
57.064472 11.5887785
5.7491655 58.96836
-57.320988 -0.79326737
-41.238934 31.46168
-0.40140057 62.507126
-16.627073 -50.514805
-50.606594 -39.77792
