NODES 75
EDGES 290
0 1
0 2
0 3
0 4
1 2
1 3
1 4
2 3
2 4
3 4
5 0
5 2
5 3
5 4
6 2
6 3
6 4
6 5
7 0
7 3
7 4
7 6
8 2
8 3
8 6
8 7
9 0
9 3
9 6
9 7
10 0
10 1
10 3
10 4
11 0
11 1
11 4
11 5
12 2
12 4
12 6
12 7
13 9
13 10
13 3
13 5
14 0
14 1
14 2
14 6
15 0
15 1
15 13
15 9
16 9
16 11
16 5
16 7
17 9
17 13
17 1
17 6
18 1
18 2
18 3
18 7
19 11
19 4
19 14
19 15
20 0
20 9
20 4
20 17
21 0
21 9
21 3
21 14
22 8
22 0
22 20
22 13
23 9
23 2
23 4
23 5
24 1
24 3
24 6
24 15
25 0
25 18
25 3
25 13
26 24
26 9
26 2
26 8
27 16
27 8
27 18
27 13
28 9
28 27
28 4
28 23
29 0
29 9
29 2
29 14
30 0
30 9
30 2
30 3
31 0
31 3
31 29
31 15
32 17
32 3
32 21
32 23
33 0
33 1
33 5
33 9
34 0
34 16
34 10
34 22
35 16
35 9
35 0
35 23
36 8
36 18
36 15
36 7
37 26
37 3
37 4
37 31
38 0
38 1
38 12
38 16
39 0
39 17
39 2
39 6
40 1
40 27
40 15
40 31
41 0
41 9
41 5
41 7
42 35
42 18
42 3
42 4
43 17
43 27
43 9
43 7
44 9
44 35
44 21
44 15
45 17
45 10
45 3
45 5
46 0
46 44
46 38
46 7
47 0
47 41
47 9
47 16
48 1
48 5
48 14
48 15
49 2
49 28
49 6
49 31
50 2
50 26
50 20
50 13
51 18
51 3
51 4
51 39
52 11
52 3
52 4
52 31
53 44
53 28
53 38
53 23
54 40
54 1
54 4
54 6
55 2
55 18
55 47
55 23
56 0
56 1
56 40
56 4
57 17
57 33
57 6
57 7
58 0
58 49
58 13
58 7
59 26
59 3
59 5
59 6
60 10
60 53
60 6
60 47
61 24
61 25
61 6
61 46
62 32
62 10
62 3
62 58
63 0
63 57
63 58
63 53
64 16
64 57
64 3
64 0
65 8
65 18
65 4
65 15
66 0
66 9
66 26
66 39
67 17
67 4
67 12
67 14
68 9
68 11
68 44
68 55
69 9
69 61
69 6
69 7
70 35
70 68
70 6
70 55
71 64
71 3
71 5
71 15
72 0
72 16
72 3
72 7
73 49
73 3
73 20
73 41
74 1
74 27
74 68
74 46
POSITIONS
-18.624222 -13.436125
-23.990309 6.818998
-2.0559592 -17.192446
-11.839983 28.323511
-13.586475 9.742517
-34.004726 -5.392681
26.07437 -7.9825897
34.65051 8.048264
32.309227 19.322435
14.860296 -17.229918
-28.63994 37.82763
-48.158226 8.898854
18.16197 -37.11218
8.474417 12.166303
-30.957193 -37.33172
-3.7577472 13.411634
-19.61178 18.348074
9.96591 -8.18057
20.52776 49.685413
-49.69326 -9.034124
-7.7630024 -33.622612
-0.3707023 -25.195972
-6.222654 -0.72535455
16.868206 3.120286
22.069729 5.1323276
20.791088 30.62044
6.0101485 -40.761696
33.956818 37.8803
41.63829 -8.725055
-34.445705 -30.887175
-23.912262 -23.319475
-39.88485 8.109859
10.564147 23.601988
-19.278728 -33.488503
-44.2762 19.141825
21.818073 17.82181
40.415604 41.845936
-40.892593 -1.2108335
8.906573 -33.466038
11.055537 -28.55001
-18.748966 45.752174
-12.1003475 -5.2814817
4.393982 53.045547
48.597908 10.016942
41.787064 -17.082685
-36.38737 32.805805
51.44614 -12.205063
-23.558937 21.624413
-45.375137 -18.843704
27.695694 -20.187212
-0.9266529 -46.328766
5.2919025 36.658707
-53.05477 25.327574
39.34492 -30.656921
-5.621608 37.989307
23.428686 37.050564
-35.78333 27.240353
22.978777 -30.053133
36.49197 -2.893197
-11.677411 -25.706083
-1.3352454 19.568281
59.663773 3.2541854
2.80573 46.034615
35.15109 -40.836018
-35.25884 14.934277
16.472305 43.7888
6.295727 -52.36046
-10.635771 -43.981148
33.431858 25.572168
59.082153 -7.60996
48.020714 31.642826
-44.22826 27.308517
0.64342725 27.605057
-0.75501794 -8.502038
45.32012 25.050812
