NODES 75
EDGES 290
0 1
0 2
0 3
0 4
1 2
1 3
1 4
2 3
2 4
3 4
5 1
5 2
5 3
5 4
6 1
6 2
6 4
6 5
7 0
7 1
7 3
7 6
8 1
8 2
8 3
8 5
9 8
9 1
9 2
9 0
10 8
10 0
10 4
10 1
11 8
11 2
11 4
11 7
12 0
12 3
12 10
12 2
13 0
13 1
13 3
13 5
14 2
14 3
14 6
14 7
15 0
15 1
15 2
15 4
16 0
16 4
16 5
16 7
17 0
17 9
17 3
17 4
18 0
18 16
18 13
18 8
19 9
19 3
19 1
19 6
20 0
20 16
20 4
20 15
21 17
21 2
21 19
21 4
22 1
22 2
22 12
22 5
23 1
23 2
23 4
23 6
24 1
24 2
24 3
24 4
25 3
25 8
25 19
25 4
26 0
26 9
26 4
26 14
27 24
27 25
27 2
27 7
28 19
28 1
28 11
28 6
29 0
29 9
29 2
29 11
30 25
30 2
30 28
30 14
31 2
31 7
31 6
31 30
32 16
32 26
32 4
32 5
33 0
33 9
33 4
33 7
34 8
34 17
34 2
34 23
35 34
35 3
35 4
35 6
36 17
36 10
36 27
36 23
37 10
37 34
37 14
37 31
38 3
38 25
38 2
38 19
39 35
39 3
39 12
39 5
40 28
40 4
40 13
40 7
41 40
41 1
41 34
41 25
42 0
42 1
42 28
42 4
43 0
43 26
43 19
43 34
44 16
44 17
44 10
44 42
45 40
45 0
45 4
45 28
46 17
46 34
46 3
46 7
47 32
47 9
47 40
47 28
48 32
48 9
48 2
48 17
49 8
49 18
49 4
49 7
50 41
50 26
50 19
50 4
51 48
51 27
51 4
51 47
52 48
52 42
52 4
52 15
53 17
53 4
53 6
53 1
54 1
54 29
54 13
54 39
55 25
55 13
55 3
55 5
56 17
56 19
56 12
56 4
57 40
57 10
57 26
57 4
58 56
58 9
58 19
58 25
59 1
59 42
59 3
59 51
60 24
60 17
60 18
60 49
61 17
61 2
61 3
61 5
62 40
62 34
62 3
62 14
63 38
63 33
63 6
63 23
64 0
64 2
64 5
64 6
65 0
65 33
65 14
65 8
66 1
66 50
66 10
66 62
67 0
67 16
67 19
67 4
68 1
68 11
68 52
68 43
69 8
69 41
69 19
69 68
70 1
70 4
70 52
70 7
71 9
71 3
71 61
71 23
72 10
72 36
72 5
72 22
73 25
73 2
73 42
73 34
74 8
74 25
74 2
74 12
POSITIONS
1.0174156 -12.3561945
30.478537 -1.6366445
15.017204 2.753171
15.232498 23.448235
-9.9040985 -1.9598197
16.333553 33.439926
4.8075385 -27.929802
21.466301 -15.658894
-3.4491549 36.29961
-11.763769 -19.972609
26.06765 12.755473
15.902534 -20.520403
27.519426 34.303486
20.30805 45.462006
-13.162617 -30.170027
22.692717 -38.19596
-20.01041 -16.067383
-0.5866648 16.044619
1.3689824 50.176506
-37.898766 -10.58677
-8.036571 -44.059193
-25.246202 8.459443
47.824284 33.462772
42.760117 -4.587886
36.900307 28.40514
-25.573215 21.625542
-48.768623 -9.753952
45.90764 8.743043
-26.652185 -36.306515
31.805645 -21.788618
-21.769932 -42.51705
0.505228 -50.260227
-28.72924 -10.35035
12.537602 -35.590233
-16.035429 24.597137
-1.5154907 27.936758
57.05553 22.060116
-7.691854 -36.45034
6.404723 -17.187534
36.96518 46.44857
-36.864403 10.787153
-40.3575 30.787394
12.819592 -43.774372
-39.612362 2.2075691
4.5176764 -34.92388
-43.427532 -6.9327483
3.3899262 26.741182
-31.04369 -26.87929
20.121605 -30.282135
8.439381 50.999176
-51.41722 6.14553
35.680645 -27.234682
35.959145 -40.554657
-0.94810265 -4.807634
53.17731 18.611967
-1.5877558 56.181522
-33.517017 3.0491722
-39.19694 18.253536
-52.92169 -14.555518
48.909325 -23.22625
17.066347 61.353153
19.767027 40.670025
-12.817723 11.984003
30.499622 -43.889576
-2.601567 -16.927921
2.2062883 -5.511504
5.577242 -0.28362322
-38.818134 -26.270863
18.91512 -5.2647066
-30.532578 33.5485
42.87477 -23.915663
36.939 18.847038
56.485096 38.458344
-21.486624 0.9800692
-6.8921785 46.73227
