NODES 135
EDGES 267
0 1
0 2
1 2
3 0
3 2
4 0
4 1
5 1
5 2
6 0
6 1
7 0
7 2
8 0
8 2
9 1
9 6
10 1
10 3
11 1
11 2
12 0
12 1
13 8
13 1
14 2
14 12
15 0
15 2
16 0
16 6
17 5
17 7
18 11
18 4
19 0
19 14
20 0
20 12
21 1
21 11
22 18
22 11
23 1
23 21
24 21
24 22
25 0
25 9
26 0
26 22
27 8
27 5
28 8
28 12
29 0
29 21
30 0
30 26
31 1
31 5
32 1
32 21
33 3
33 15
34 12
34 28
35 9
35 26
36 10
36 30
37 30
37 7
38 26
38 30
39 1
39 12
40 0
40 10
41 28
41 14
42 11
42 12
43 0
43 13
44 0
44 28
45 0
45 4
46 8
46 27
47 0
47 28
48 26
48 47
49 24
49 41
50 0
50 30
51 2
51 29
52 4
52 22
53 17
53 12
54 41
54 34
55 2
55 13
56 0
56 33
57 2
57 11
58 11
58 39
59 32
59 55
60 12
60 7
61 40
61 15
62 51
62 5
63 0
63 58
64 4
64 5
65 64
65 6
66 18
66 51
67 58
67 12
68 2
68 37
69 0
69 22
70 41
70 18
71 1
71 37
72 10
72 42
73 1
73 54
74 48
74 42
75 57
75 29
76 51
76 68
77 0
77 41
78 41
78 77
79 40
79 2
80 2
80 76
81 1
81 75
82 0
82 26
83 1
83 2
84 0
84 81
85 48
85 47
86 37
86 85
87 59
87 14
88 0
88 37
89 0
89 17
90 7
90 47
91 41
91 54
92 30
92 7
93 0
93 21
94 1
94 12
95 90
95 28
96 2
96 35
97 0
97 10
98 0
98 2
99 1
99 29
100 0
100 53
101 96
101 18
102 10
102 59
103 80
103 77
104 96
104 53
105 40
105 12
106 29
106 103
107 14
107 47
108 85
108 70
109 81
109 4
110 10
110 103
111 32
111 12
112 2
112 94
113 48
113 11
114 28
114 37
115 2
115 53
116 10
116 87
117 75
117 20
118 1
118 54
119 2
119 45
120 57
120 52
121 100
121 119
122 0
122 9
123 0
123 2
124 17
124 28
125 1
125 41
126 0
126 81
127 64
127 7
128 80
128 54
129 10
129 28
130 28
130 86
131 0
131 130
132 4
132 71
133 107
133 21
134 33
134 1
POSITIONS
-29.631006 0.93513
17.632696 -30.59707
4.2126794 -4.0660295
-2.163707 30.007872
-28.313194 -51.507027
-15.299992 -53.138336
-46.509007 -44.94315
-61.491123 16.280731
-18.493916 -30.10072
-46.5107 -34.814243
32.332554 56.905956
34.566505 -6.7699184
24.469418 25.888365
-0.27152994 -29.025229
48.161694 33.22162
-17.148277 30.399391
-56.23043 -33.341812
-54.219746 3.2044334
33.73542 -26.820774
11.949399 24.496819
-4.4622087 -20.780352
49.4489 -23.247723
7.989337 -25.904564
43.751926 -37.637783
58.037636 -31.759975
-57.693134 -24.34643
-50.902203 24.08297
-23.194304 -71.226776
-7.6056623 46.952557
32.044727 -58.688606
-74.08239 36.335762
2.1695025 -56.947765
63.857376 4.111921
-21.942854 39.679966
43.99516 16.94652
-45.68923 -6.0050235
-28.370464 61.895245
-64.82923 28.04733
-82.911095 38.824932
42.61087 2.774173
7.1942773 56.80014
79.830956 -4.71564
42.312138 56.898613
-23.451027 -22.331411
-28.604351 30.681726
-49.678616 -18.754406
-28.970469 -70.48525
-16.220877 67.6451
-10.706611 78.44163
83.10665 -23.679338
-74.56541 19.754314
37.772163 -61.553314
-5.4608536 -64.69029
-22.283354 34.068394
87.28028 -33.968063
34.645576 7.193421
-35.559937 31.353092
15.779231 -54.26166
48.09036 11.26968
72.87374 40.3339
-24.678974 25.736439
-6.761175 61.812374
16.402773 -75.3575
13.810453 11.410146
-56.99333 -62.66641
-64.52452 -68.96201
47.98796 -57.33458
51.40869 27.02038
-8.70339 -11.046964
-15.737905 -19.371054
63.34742 17.348976
-44.850254 -23.80977
47.004677 73.45924
65.615524 -45.007076
19.061035 86.14177
7.1449375 -79.90819
42.56373 -46.879364
69.98888 -13.389765
94.24151 -14.867128
10.992928 38.62814
70.05569 -37.213383
-21.226465 -67.15346
-57.4645 10.70223
18.23943 -19.32207
-37.986813 -45.35153
-15.832545 89.732574
-53.15539 77.40194
75.03162 58.08722
-69.70245 12.799109
-62.141647 -3.2048647
-49.370617 62.865322
101.213005 -28.312504
-88.436066 29.786129
13.746084 -13.740692
27.995604 2.6822498
-37.093967 69.65949
-2.6244535 10.7529125
4.490102 40.912865
-13.683425 1.4595021
29.965254 -65.69176
-48.441166 33.96109
24.83251 -5.682816
64.84846 60.930992
88.599205 -22.723667
-8.114497 35.27419
20.333458 57.601826
74.20727 -54.41303
38.365192 48.56397
29.438702 72.09706
-35.13562 -76.82345
78.55274 23.37618
61.841763 24.108881
21.13793 3.4895682
16.391968 49.25777
-46.873947 50.52191
-8.939288 21.91215
65.17995 71.784325
0.83496034 -68.59151
63.53991 -48.844852
-47.707253 5.65919
7.193892 -75.143875
-62.015205 33.545444
-53.122383 -26.179434
-14.96793 -4.357528
-41.106346 34.521736
63.267464 -26.983004
-34.001522 -43.152237
-77.38583 -30.212513
94.74931 -46.22198
15.4706955 70.04497
-47.090122 71.29813
-52.986664 48.810425
-54.30854 -49.39751
57.18944 18.83402
-5.511255 8.922065
