NODES 120
EDGES 354
0 1
0 2
0 3
1 2
1 3
2 3
4 0
4 1
4 3
5 0
5 2
5 4
6 0
6 2
6 3
7 2
7 4
7 5
8 1
8 3
8 5
9 0
9 3
9 4
10 2
10 3
10 4
11 3
11 4
11 5
12 2
12 3
12 4
13 1
13 2
13 3
14 8
14 10
14 2
15 4
15 13
15 6
16 2
16 4
16 5
17 8
17 10
17 2
18 2
18 11
18 7
19 2
19 4
19 14
20 11
20 2
20 3
21 4
21 5
21 14
22 8
22 0
22 21
23 3
23 5
23 7
24 8
24 4
24 14
25 17
25 4
25 21
26 5
26 3
26 13
27 8
27 10
27 5
28 3
28 4
28 14
29 24
29 13
29 6
30 24
30 19
30 14
31 19
31 11
31 4
32 24
32 17
32 28
33 5
33 4
33 21
34 16
34 4
34 5
35 9
35 19
35 15
36 19
36 4
36 5
37 0
37 10
37 4
38 24
38 0
38 3
39 32
39 24
39 3
40 24
40 13
40 7
41 19
41 4
41 5
42 2
42 23
42 7
43 0
43 1
43 2
44 25
44 5
44 30
45 8
45 15
45 23
46 17
46 5
46 33
47 11
47 34
47 10
48 16
48 4
48 29
49 24
49 48
49 13
50 41
50 3
50 36
51 41
51 35
51 44
52 16
52 8
52 14
53 19
53 46
53 15
54 16
54 28
54 46
55 40
55 2
55 4
56 51
56 4
56 37
57 24
57 3
57 46
58 8
58 2
58 22
59 3
59 11
59 51
60 0
60 2
60 21
61 40
61 43
61 5
62 10
62 27
62 21
63 24
63 46
63 47
64 19
64 3
64 31
65 32
65 58
65 27
66 0
66 51
66 5
67 4
67 28
67 29
68 5
68 4
68 45
69 0
69 64
69 7
70 41
70 10
70 46
71 2
71 35
71 53
72 8
72 3
72 39
73 2
73 5
73 15
74 40
74 35
74 67
75 56
75 41
75 2
76 56
76 2
76 27
77 11
77 5
77 22
78 74
78 11
78 21
79 11
79 36
79 68
80 20
80 28
80 71
81 19
81 11
81 5
82 34
82 2
82 20
83 27
83 21
83 7
84 48
84 1
84 5
85 3
85 60
85 69
86 2
86 6
86 79
87 24
87 2
87 4
88 4
88 5
88 62
89 16
89 32
89 77
90 19
90 36
90 53
91 88
91 55
91 47
92 10
92 42
92 5
93 11
93 28
93 15
94 41
94 62
94 31
95 73
95 83
95 21
96 20
96 37
96 31
97 24
97 4
97 30
98 3
98 4
98 29
99 24
99 26
99 3
100 67
100 30
100 23
101 64
101 3
101 22
102 48
102 32
102 2
103 41
103 3
103 38
104 32
104 4
104 101
105 10
105 100
105 62
106 3
106 53
106 62
107 2
107 46
107 7
108 49
108 12
108 30
109 4
109 84
109 5
110 5
110 27
110 93
111 26
111 19
111 7
112 2
112 26
112 70
113 8
113 55
113 47
114 24
114 4
114 15
115 68
115 14
115 23
116 26
116 94
116 14
117 10
117 19
117 14
118 1
118 27
118 92
119 3
119 60
119 4
POSITIONS
-59.695084 34.08847
34.39632 47.916656
11.16896 -48.907364
-64.01385 -9.461276
-31.752312 -24.455736
38.769936 -100.655846
43.99529 89.0967
-11.535355 -101.03503
62.61418 62.993534
-157.78307 84.516304
56.694977 -127.13898
40.934734 -37.12913
-154.6797 48.469746
90.6454 47.5526
-20.253273 9.056993
-47.20572 107.568436
108.245026 -8.816691
-55.5929 -61.519978
90.574036 -185.24516
-98.21704 29.487968
-128.44514 -78.212585
-44.21317 -100.26257
8.121577 83.6669
115.21862 -81.61045
45.284348 134.30205
-178.97415 -119.26485
99.89495 -53.535187
81.94629 -27.047636
-152.11404 -28.814192
74.63201 212.24829
-84.187065 206.47238
-79.613525 -117.979256
116.56142 66.32193
-32.727383 -201.52919
133.5088 -55.365566
-169.86784 207.06653
12.403264 10.35182
-0.22398569 -19.016573
-167.32776 115.273674
61.565605 31.007513
62.626465 175.49257
-111.69062 -105.47153
177.80962 -41.230297
-69.83523 84.94058
-122.42498 -40.739697
189.3628 102.45524
-86.43067 -149.23546
245.76434 -119.65037
121.5349 144.09515
-23.805716 85.74745
36.21558 -68.77123
-228.1082 32.521908
209.32303 -46.648735
-193.23608 134.25296
-155.38109 -186.69522
148.98622 -27.371597
-84.08201 113.604065
13.771667 -120.61249
151.6012 118.52863
-193.103 -70.81602
-25.44404 -72.236855
-14.295535 204.41046
0.36754408 -155.58421
181.63197 0.54419106
-228.24544 -38.486195
209.23431 -78.6332
-75.44227 144.38544
-104.733444 89.1607
232.14879 -24.250673
-227.6705 64.51627
-29.906574 -280.07065
-95.54253 175.5089
-112.459564 58.14434
117.569725 -113.518295
-52.303963 267.35977
-158.72728 -144.04517
107.76543 112.472916
-10.157343 114.69418
72.92772 -70.763306
221.00323 53.45573
-288.6496 -1.6936338
155.9359 -78.18836
21.770708 112.608505
36.552464 -182.31737
134.9732 34.710712
-259.86108 28.563316
237.01614 -62.74726
-12.245248 148.66539
-22.733828 -231.98007
221.69267 141.31886
-199.04892 193.93394
187.33342 -256.5536
244.89955 5.077899
-91.718315 -25.475733
24.860067 -221.16692
3.1558144 40.983578
-121.66645 -237.48386
58.63576 240.08209
-117.571335 151.65247
87.726425 -100.63917
37.601974 215.96614
-230.27177 -77.55917
241.96227 78.046394
-247.45644 89.65674
-117.515526 -136.93532
166.81865 37.871624
-229.57513 -6.513837
5.3786383 -247.26697
-151.90231 271.5108
-29.149704 -167.9427
145.12508 4.3717475
-117.714386 118.417595
113.25628 -232.03001
302.7117 44.33771
-130.17357 27.901026
220.00163 -138.63148
88.53168 81.75905
-80.72396 -180.71992
206.64236 169.55869
-180.1265 -13.367872
