NODES 90
EDGES 177
0 1
0 2
1 2
3 0
3 2
4 2
4 3
5 0
5 3
6 0
6 2
7 0
7 3
8 3
8 6
9 5
9 7
10 0
10 5
11 8
11 2
12 0
12 4
13 2
13 3
14 2
14 10
15 4
15 14
16 1
16 9
17 0
17 14
18 0
18 2
19 0
19 2
20 0
20 14
21 8
21 2
22 5
22 15
23 22
23 15
24 2
24 3
25 8
25 11
26 0
26 6
27 3
27 15
28 0
28 2
29 17
29 27
30 2
30 4
31 10
31 14
32 20
32 15
33 16
33 9
34 0
34 26
35 2
35 3
36 18
36 2
37 24
37 26
38 8
38 6
39 16
39 17
40 3
40 15
41 8
41 34
42 33
42 38
43 0
43 4
44 11
44 29
45 34
45 3
46 3
46 15
47 2
47 44
48 0
48 2
49 3
49 14
50 8
50 49
51 36
51 15
52 0
52 4
53 19
53 46
54 2
54 29
55 16
55 19
56 40
56 23
57 33
57 44
58 0
58 3
59 25
59 4
60 10
60 23
61 19
61 30
62 46
62 14
63 40
63 14
64 9
64 20
65 20
65 62
66 23
66 15
67 48
67 3
68 25
68 29
69 2
69 3
70 2
70 45
71 1
71 20
72 65
72 6
73 33
73 1
74 1
74 47
75 8
75 62
76 4
76 38
77 24
77 16
78 4
78 29
79 64
79 62
80 35
80 15
81 0
81 5
82 3
82 6
83 0
83 35
84 43
84 37
85 48
85 0
86 0
86 2
87 26
87 68
88 34
88 5
89 1
89 5
POSITIONS
32.48625 -25.273857
111.29093 70.63848
-12.598328 -19.399994
-8.064843 70.67841
-102.595375 -24.460419
88.49544 -57.882263
-37.225185 57.499367
-65.40858 -63.907257
37.74254 26.993132
-60.79152 32.639935
69.4534 -172.19807
105.97782 -31.079906
-138.8792 -115.04845
104.49045 39.36944
-59.891052 -112.686714
-155.44264 -72.68676
63.650753 113.064545
13.053275 0.14994371
94.17505 -122.044365
1.9209172 163.94955
-144.96463 -42.45084
167.05675 29.45699
-58.87907 -32.5805
-28.583454 -93.23612
40.640144 204.73172
-54.14617 -0.50107855
169.25853 107.68677
-48.94421 87.27645
3.6653934 -157.47119
143.77489 -73.88146
-166.69627 98.082565
61.222668 -269.9925
-105.64231 67.901634
10.978696 -112.01073
184.05476 -44.048286
-155.42491 -2.605731
-58.13677 -212.70592
215.91644 264.53415
-111.015 36.355118
154.48256 0.033471853
-76.59964 155.71834
65.7897 -107.276665
53.984818 -1.570171
-35.601536 137.46622
197.39293 -192.83319
151.67769 57.514664
-195.82774 9.360051
218.088 -50.47811
-137.46272 71.29026
64.21222 -34.885296
202.09767 64.10637
-226.7278 -202.21782
95.77045 -153.99867
-96.17785 250.37604
-28.314577 -156.3392
174.35397 223.83752
-172.21123 148.51529
67.55646 -312.0383
69.42705 170.71333
-257.90182 -32.333157
166.18028 -241.01996
-147.54092 287.84006
-212.13356 -146.21753
80.05683 140.53632
-276.72684 85.23479
-208.46484 -235.2937
-29.446085 19.843592
-224.87761 63.68091
237.1571 54.125465
-107.33895 146.8248
50.90724 -140.44882
23.09181 139.95387
-233.62256 -99.11383
174.49646 -107.89416
205.57925 162.99783
-124.71602 -197.37537
-8.872106 103.77815
-48.923283 298.06
79.45484 -203.67548
-246.06813 94.4023
-291.62558 -94.40183
211.715 -103.621
-73.931366 211.70457
-116.45588 -137.87814
136.76158 321.32828
-187.65498 56.32952
127.51428 -125.87699
304.92596 189.4331
47.494167 -202.08952
258.99594 0.91388994
