NODES 195
EDGES 770
0 1
0 2
0 3
0 4
1 2
1 3
1 4
2 3
2 4
3 4
5 0
5 2
5 3
5 4
6 0
6 1
6 2
6 3
7 0
7 1
7 5
7 6
8 1
8 2
8 3
8 5
9 0
9 5
9 6
9 7
10 0
10 8
10 1
10 6
11 0
11 9
11 5
11 6
12 3
12 0
12 11
12 6
13 9
13 3
13 1
13 7
14 9
14 10
14 3
14 6
15 1
15 6
15 14
15 7
16 8
16 10
16 12
16 13
17 0
17 16
17 14
17 6
18 16
18 1
18 9
18 17
19 3
19 7
19 14
19 6
20 1
20 3
20 4
20 5
21 8
21 16
21 11
21 15
22 1
22 2
22 12
22 9
23 3
23 20
23 6
23 15
24 0
24 10
24 11
24 7
25 1
25 3
25 12
25 6
26 1
26 2
26 19
26 22
27 0
27 17
27 2
27 22
28 8
28 16
28 3
28 7
29 2
29 4
29 14
29 7
30 1
30 3
30 6
30 7
31 27
31 1
31 3
31 29
32 1
32 5
32 14
32 6
33 9
33 19
33 22
33 30
34 9
34 10
34 14
34 6
35 0
35 9
35 12
35 7
36 17
36 29
36 6
36 23
37 5
37 28
37 21
37 6
38 28
38 5
38 30
38 7
39 10
39 19
39 28
39 4
40 3
40 17
40 11
40 23
41 24
41 3
41 28
41 14
42 8
42 1
42 35
42 23
43 12
43 5
43 6
43 30
44 16
44 3
44 13
44 31
45 0
45 35
45 44
45 30
46 9
46 2
46 43
46 13
47 42
47 3
47 4
47 37
48 1
48 2
48 4
48 46
49 16
49 9
49 21
49 17
50 41
50 3
50 13
50 7
51 9
51 2
51 18
51 6
52 0
52 25
52 12
52 22
53 0
53 1
53 14
53 16
54 24
54 18
54 43
54 5
55 32
55 9
55 27
55 21
56 9
56 49
56 13
56 7
57 40
57 9
57 6
57 38
58 0
58 17
58 3
58 54
59 9
59 12
59 53
59 15
60 1
60 53
60 20
60 5
61 9
61 50
61 52
61 6
62 9
62 51
62 13
62 49
63 9
63 43
63 20
63 6
64 56
64 18
64 5
64 47
65 0
65 24
65 50
65 49
66 8
66 3
66 4
66 6
67 9
67 18
67 19
67 46
68 59
68 2
68 19
68 7
69 58
69 43
69 5
69 14
70 53
70 12
70 29
70 14
71 0
71 50
71 59
71 29
72 33
72 28
72 60
72 1
73 17
73 18
73 43
73 12
74 35
74 43
74 30
74 6
75 1
75 33
75 29
75 31
76 9
76 3
76 28
76 63
77 8
77 56
77 5
77 6
78 1
78 76
78 5
78 30
79 11
79 76
79 53
79 14
80 34
80 12
80 14
80 7
81 40
81 25
81 10
81 51
82 61
82 43
82 29
82 15
83 9
83 3
83 13
83 22
84 24
84 19
84 5
84 6
85 32
85 0
85 7
85 23
86 57
86 26
86 67
86 53
87 83
87 12
87 23
87 76
88 2
88 34
88 37
88 14
89 2
89 13
89 85
89 30
90 3
90 44
90 85
90 38
91 2
91 75
91 36
91 85
92 72
92 74
92 67
92 70
93 88
93 3
93 60
93 29
94 48
94 32
94 90
94 35
95 2
95 43
95 5
95 7
96 80
96 2
96 19
96 30
97 48
97 35
97 18
97 3
98 17
98 67
98 35
98 63
99 32
99 2
99 35
99 36
100 64
100 80
100 76
100 53
101 16
101 25
101 88
101 47
102 9
102 22
102 14
102 31
103 1
103 4
103 5
103 38
104 43
104 68
104 95
104 71
105 48
105 66
105 7
105 71
106 56
106 95
106 14
106 7
107 19
107 43
107 20
107 6
108 81
108 58
108 10
108 47
109 0
109 107
109 108
109 7
110 48
110 97
110 34
110 7
111 16
111 35
111 28
111 68
112 10
112 99
112 84
112 30
113 18
113 12
113 42
113 71
114 9
114 4
114 13
114 36
115 2
115 42
115 78
115 44
116 8
116 13
116 3
116 45
117 33
117 108
117 85
117 47
118 8
118 10
118 3
118 103
119 2
119 3
119 20
119 22
120 48
120 10
120 90
120 5
121 66
121 85
121 53
121 30
122 25
122 75
122 28
122 109
123 100
123 84
123 30
123 23
124 88
124 42
124 13
124 46
125 111
125 69
125 22
125 6
126 48
126 80
126 94
126 31
127 16
127 105
127 47
127 31
128 96
128 4
128 53
128 23
129 0
129 49
129 120
129 14
130 0
130 38
130 21
130 6
131 9
131 43
131 5
131 35
132 48
132 108
132 85
132 6
133 17
133 107
133 12
133 79
134 34
134 125
134 94
134 127
135 80
135 18
135 96
135 44
136 1
136 98
136 13
136 87
137 74
137 75
137 6
137 119
138 72
138 9
138 85
138 23
139 48
139 94
139 117
139 6
140 89
140 66
140 7
140 47
141 129
141 68
141 86
141 76
142 49
142 138
142 5
142 38
143 81
143 10
143 92
143 44
144 49
144 19
144 45
144 7
145 64
145 121
145 3
145 41
146 17
146 3
146 20
146 57
147 1
147 67
147 22
147 97
148 80
148 16
148 147
148 14
149 128
149 17
149 85
149 15
150 107
150 83
150 84
150 47
151 65
151 9
151 3
151 31
152 81
152 35
152 12
152 119
153 25
153 5
153 94
153 1
154 45
154 19
154 5
154 133
155 32
155 51
155 146
155 91
156 96
156 42
156 140
156 117
157 3
157 4
157 133
157 142
158 49
158 140
158 78
158 14
159 146
159 12
159 60
159 47
160 0
160 57
160 35
160 105
161 96
161 1
161 138
161 22
162 18
162 11
162 5
162 7
163 112
163 2
163 26
163 3
164 1
164 58
164 92
164 71
165 11
165 35
165 92
165 62
166 80
166 50
166 86
166 151
167 17
167 99
167 37
167 14
168 89
168 28
168 45
168 158
169 32
169 91
169 132
169 15
170 42
170 115
170 149
170 70
171 0
171 155
171 28
171 77
172 108
172 153
172 60
172 9
173 17
173 2
173 5
173 105
174 24
174 3
174 39
174 95
175 10
175 58
175 14
175 159
176 112
176 10
176 90
176 78
177 128
177 72
177 35
177 134
178 49
178 107
178 105
178 23
179 3
179 67
179 20
179 7
180 73
180 59
180 43
180 35
181 97
181 18
181 45
181 110
182 176
182 35
182 138
182 88
183 2
183 43
183 77
183 63
184 73
184 59
184 43
184 95
185 121
185 3
185 53
185 6
186 40
186 18
186 80
186 37
187 48
187 161
187 91
187 13
188 170
188 177
188 2
188 70
189 128
189 51
189 23
189 7
190 0
190 1
190 2
190 29
191 2
191 3
191 156
191 142
192 33
192 122
192 67
192 12
193 35
193 18
193 13
193 173
194 57
194 13
194 142
194 181
POSITIONS
-0.47570202 -30.309008
-67.233696 -28.419468
-8.805593 -61.292236
-7.297508 31.226173
-36.68097 18.696476
24.163677 26.133242
-31.544485 51.6963
-60.770893 39.163708
59.525444 102.51233
-65.209984 -60.121475
59.972095 -53.561085
134.39938 -11.77987
-36.48627 -45.28932
-39.755142 -13.441133
-95.485 -13.852199
-42.527225 -111.48707
-10.975587 -0.20576231
29.969522 -111.07136
87.36379 4.8279047
41.333138 -27.773275
-38.298904 -77.21176
198.99565 -65.34643
-153.77193 -25.251163
72.814644 -23.679153
69.354164 31.135828
-118.04322 -105.84673
126.68873 -105.08891
35.67382 81.294174
-67.235855 7.825406
14.31954 -83.50719
-90.96479 49.16575
43.733334 -139.76273
-14.604484 112.5389
-222.80304 -138.73283
19.81471 -5.2748346
4.2290187 86.83161
-20.905338 -210.16399
104.32024 -22.301842
-100.49405 79.48125
110.64253 -77.44279
134.79993 20.093702
-191.76913 24.224302
153.31238 -58.586178
-46.365776 109.0876
-15.9821005 -129.56604
139.06194 127.59315
-184.78926 55.452126
22.159817 -52.70918
30.164125 163.52011
78.94492 -81.86683
17.216501 116.03897
-57.079136 70.98479
-123.923256 -137.28331
-27.507399 83.31387
-94.10971 -46.022724
220.03336 47.773148
-77.32322 101.53539
91.58929 -51.6654
44.09336 50.477577
-126.75883 -8.203383
-77.07846 -174.33063
-111.23122 164.81128
2.4057088 -175.18538
49.75877 5.960155
-31.89666 169.98907
105.93722 -193.50407
-9.333012 231.2045
-129.09102 23.640333
123.359116 -48.066196
-139.46046 179.8666
50.258682 -170.93867
145.76814 74.59943
-203.1432 -109.830376
12.156543 -144.71822
-99.41476 221.08665
-188.77348 -143.05139
156.2387 43.778774
-18.414198 200.52882
46.258465 -82.20337
140.76457 159.55704
-160.34152 30.217632
114.38646 -136.62143
-160.41476 155.69225
-96.468925 -77.849754
190.6798 77.1675
-125.45338 -40.18508
127.5878 -169.49088
166.91992 98.5781
-171.47499 -67.111374
67.801575 71.76734
-9.8334055 144.10744
-150.55005 -187.82643
12.688237 56.093624
-235.12943 -109.19939
99.20879 223.79524
-70.127365 161.13695
-149.98273 -155.8575
131.18556 222.73663
-108.09523 110.566345
73.98262 -192.29143
68.38198 215.22456
-186.16524 -204.81152
93.831085 -112.1441
0.10219805 174.4518
-13.74257 -97.6712
167.74644 218.05562
-241.594 134.697
61.909134 -109.83964
-97.62551 17.913853
-153.0079 -123.96524
197.50536 206.29097
-129.25642 134.49112
172.84921 -83.83353
198.2032 151.13246
-179.19774 -173.57994
181.02423 -213.73059
41.14239 232.01321
-118.767815 -170.43187
190.82031 119.82611
-153.45464 61.46134
193.57939 13.7933235
-126.665886 256.23123
-284.79022 -166.51779
252.80806 122.9594
-131.9281 85.357285
-224.33853 107.75624
167.62909 141.93459
87.29915 160.9281
75.6924 -138.68425
163.07393 4.15227
-72.0356 -123.38121
125.17439 99.01301
-216.22336 154.18436
212.00891 -144.93399
12.713434 208.00287
-155.71196 -219.39163
161.8939 -27.829561
-267.0524 154.06648
-173.02563 -99.06125
68.62098 248.4157
-122.217865 54.817642
318.13318 -101.82646
93.12689 52.307056
35.12517 -249.04591
221.74864 -1.362305
-204.79877 232.87213
28.22223 -194.0833
-91.5813 190.06198
-252.87584 81.10015
95.42337 -263.78772
108.53856 136.99028
-54.75463 -223.60248
124.96763 50.418945
-184.28255 -34.60266
261.528 -56.761646
-59.627605 194.57005
-54.41645 -266.12448
233.51648 -33.044266
-92.84725 138.62505
31.70903 -286.9618
221.43835 129.14941
-286.21744 -103.76767
201.66785 -97.55612
97.04995 84.024475
-67.67949 -91.80892
247.79578 17.222645
-201.63351 -77.82828
67.12079 -248.86806
48.079247 277.24762
-262.59277 -38.20571
243.07101 -274.5691
-139.30882 226.83469
-146.72316 -250.08813
199.91406 -33.332066
-163.21004 91.895676
134.96628 -206.85362
45.40804 131.22592
-40.886982 -183.98587
284.2634 -17.798931
-159.96912 123.712585
-93.54406 -146.95248
291.41818 202.32434
-266.18192 15.383823
188.16077 45.300068
-173.23923 189.81444
-187.89809 139.31468
219.94539 90.07083
-234.18515 15.837788
114.44826 -312.81516
77.65865 128.82985
-141.37308 -83.95065
151.53865 -148.30383
-313.92313 -77.09384
96.26004 -163.00075
279.14017 88.268265
