NODES 75
EDGES 219
0 1
0 2
0 3
1 2
1 3
2 3
4 0
4 1
4 3
5 1
5 2
5 4
6 1
6 4
6 5
7 0
7 1
7 2
8 0
8 4
8 6
9 3
9 4
9 6
10 0
10 1
10 5
11 1
11 6
11 7
12 0
12 11
12 6
13 2
13 11
13 4
14 2
14 11
14 6
15 5
15 11
15 13
16 9
16 5
16 6
17 0
17 11
17 5
18 17
18 4
18 15
19 0
19 1
19 5
20 0
20 9
20 17
21 19
21 11
21 12
22 9
22 21
22 6
23 8
23 11
23 22
24 8
24 18
24 11
25 1
25 12
25 22
26 0
26 9
26 19
27 25
27 11
27 5
28 20
28 5
28 23
29 8
29 4
29 6
30 17
30 18
30 6
31 2
31 3
31 22
32 25
32 20
32 15
33 26
33 18
33 4
34 11
34 3
34 23
35 1
35 2
35 23
36 0
36 25
36 7
37 16
37 9
37 22
38 17
38 11
38 13
39 25
39 5
39 30
40 33
40 18
40 1
41 11
41 35
41 37
42 18
42 22
42 39
43 24
43 25
43 1
44 1
44 10
44 22
45 43
45 38
45 6
46 33
46 19
46 45
47 16
47 32
47 43
48 0
48 3
48 37
49 48
49 17
49 43
50 41
50 11
50 4
51 17
51 37
51 9
52 49
52 4
52 23
53 8
53 9
53 1
54 18
54 2
54 22
55 8
55 17
55 11
56 26
56 2
56 31
57 9
57 11
57 23
58 16
58 1
58 47
59 40
59 9
59 27
60 42
60 44
60 29
61 11
61 4
61 5
62 2
62 22
62 23
63 24
63 1
63 18
64 11
64 5
64 38
65 13
65 2
65 53
66 3
66 19
66 23
67 5
67 14
67 63
68 40
68 62
68 15
69 27
69 43
69 38
70 48
70 20
70 55
71 46
71 11
71 70
72 40
72 21
72 46
73 57
73 35
73 1
74 9
74 51
74 20
POSITIONS
-10.537534 -27.785162
-10.440956 14.885697
11.795039 -95.980316
56.186066 63.49798
36.35964 -28.243855
24.38561 9.986723
22.253403 81.974556
-57.776104 -116.32612
126.739746 22.970577
-43.027264 72.76013
93.985344 -68.727875
19.09088 41.5453
-61.542027 28.943533
104.56698 -18.456366
-90.27977 6.1536007
61.401367 -67.335045
89.55715 149.41116
-35.936935 -62.317345
54.685513 -0.29584536
2.5828807 107.30206
-139.94887 -43.301548
53.124535 31.649347
7.9255905 -54.274406
48.734028 -113.37211
58.673077 157.78812
-131.23311 -12.511365
68.34677 -29.23154
-86.82456 123.52473
-28.151724 -174.98618
205.14511 19.925613
-71.51575 -21.061037
74.23226 -132.71014
-24.408981 46.734
-93.1547 -105.71768
163.07628 -11.519922
-67.95841 -85.99373
-129.40807 -167.92535
-38.22718 152.43217
-111.143036 76.1679
75.61182 -96.00599
-85.264206 50.41605
-40.75015 4.6245975
198.10443 -79.937256
-115.12372 108.58626
137.86655 -152.59743
-121.30958 196.88179
-165.56706 75.6131
149.46222 114.16963
-111.50087 32.09722
-169.33746 -92.90257
122.17928 54.713894
-152.89948 106.96897
21.187208 -218.4897
75.75262 112.83289
-58.947205 -163.41039
124.51014 -59.123863
-66.845894 -54.026028
8.081237 -128.58316
167.40903 171.89383
-210.60425 82.955315
299.12473 -117.59469
-25.167503 123.22425
-10.741565 -216.3558
99.2997 84.469345
-72.504364 155.58159
170.06749 -95.36223
123.433945 132.78491
-107.04777 -58.910244
109.322784 -137.53918
-210.35204 191.7426
-27.591171 -105.70171
34.17193 112.3817
-200.21829 115.94668
71.6804 -169.01323
-186.85162 148.18755
