NODES 180
EDGES 534
0 1
0 2
0 3
1 2
1 3
2 3
4 0
4 1
4 3
5 0
5 2
5 3
6 0
6 4
6 5
7 0
7 1
7 4
8 1
8 2
8 4
9 1
9 4
9 6
10 0
10 1
10 6
11 9
11 10
11 5
12 1
12 10
12 3
13 12
13 5
13 7
14 0
14 10
14 4
15 8
15 1
15 2
16 1
16 4
16 13
17 0
17 2
17 6
18 0
18 1
18 6
19 0
19 11
19 12
20 10
20 5
20 6
21 19
21 12
21 7
22 0
22 20
22 12
23 16
23 1
23 5
24 8
24 9
24 11
25 10
25 11
25 12
26 10
26 2
26 11
27 0
27 1
27 15
28 16
28 19
28 4
29 8
29 16
29 10
30 8
30 10
30 21
31 10
31 19
31 12
32 10
32 5
32 7
33 1
33 2
33 12
34 10
34 19
34 5
35 11
35 12
35 20
36 8
36 4
36 30
37 0
37 1
37 16
38 2
38 21
38 30
39 17
39 2
39 11
40 0
40 25
40 10
41 1
41 28
41 6
42 16
42 30
42 7
43 10
43 23
43 39
44 10
44 21
44 15
45 8
45 1
45 15
46 40
46 9
46 4
47 8
47 35
47 43
48 8
48 36
48 4
49 8
49 20
49 30
50 10
50 12
50 46
51 4
51 46
51 30
52 10
52 26
52 20
53 41
53 35
53 5
54 9
54 36
54 22
55 0
55 13
55 15
56 0
56 43
56 55
57 8
57 3
57 36
58 1
58 4
58 30
59 1
59 28
59 20
60 8
60 12
60 30
61 24
61 10
61 5
62 32
62 10
62 12
63 3
63 19
63 12
64 18
64 51
64 30
65 8
65 4
65 45
66 1
66 5
66 33
67 8
67 35
67 7
68 0
68 1
68 12
69 8
69 36
69 5
70 0
70 25
70 36
71 65
71 44
71 46
72 46
72 2
72 6
73 35
73 5
73 30
74 35
74 19
74 23
75 0
75 25
75 6
76 1
76 21
76 33
77 8
77 26
77 4
78 51
78 11
78 33
79 21
79 14
79 15
80 3
80 4
80 29
81 10
81 12
81 21
82 8
82 1
82 20
83 25
83 11
83 30
84 16
84 83
84 30
85 33
85 15
85 47
86 41
86 10
86 77
87 1
87 19
87 62
88 0
88 3
88 4
89 16
89 86
89 55
90 40
90 71
90 15
91 0
91 36
91 22
92 16
92 83
92 12
93 4
93 52
93 21
94 43
94 36
94 79
95 32
95 46
95 79
96 66
96 3
96 15
97 33
97 74
97 82
98 20
98 94
98 30
99 0
99 20
99 44
100 33
100 35
100 36
101 48
101 45
101 30
102 24
102 0
102 1
103 11
103 53
103 86
104 42
104 28
104 84
105 0
105 57
105 74
106 104
106 98
106 42
107 52
107 4
107 7
108 73
108 2
108 45
109 8
109 0
109 68
110 49
110 12
110 1
111 82
111 5
111 7
112 1
112 10
112 45
113 26
113 44
113 6
114 36
114 37
114 23
115 0
115 8
115 19
116 40
116 93
116 21
117 0
117 34
117 20
118 8
118 73
118 59
119 1
119 11
119 46
120 90
120 4
120 94
121 4
121 85
121 46
122 19
122 36
122 6
123 36
123 70
123 30
124 96
124 12
124 85
125 1
125 121
125 49
126 8
126 1
126 46
127 11
127 5
127 110
128 113
128 10
128 12
129 72
129 2
129 43
130 1
130 10
130 78
131 1
131 35
131 5
132 97
132 67
132 61
133 0
133 1
133 68
134 53
134 124
134 21
135 12
135 61
135 39
136 43
136 108
136 13
137 43
137 131
137 9
138 112
138 93
138 119
139 0
139 85
139 118
140 96
140 89
140 6
141 112
141 12
141 46
142 97
142 25
142 33
143 82
143 83
143 119
144 16
144 40
144 4
145 108
145 68
145 77
146 132
146 66
146 36
147 132
147 85
147 94
148 2
148 21
148 6
149 89
149 20
149 5
150 120
150 112
150 30
151 16
151 66
151 23
152 8
152 2
152 141
153 135
153 30
153 15
154 144
154 10
154 20
155 146
155 10
155 110
156 108
156 28
156 117
157 12
157 149
157 143
158 19
158 12
158 68
159 40
159 26
159 44
160 77
160 116
160 69
161 35
161 46
161 6
162 20
162 5
162 102
163 58
163 43
163 15
164 44
164 6
164 47
165 120
165 26
165 38
166 73
166 49
166 27
167 0
167 8
167 164
168 1
168 12
168 22
169 48
169 10
169 5
170 116
170 20
170 46
171 0
171 16
171 140
172 34
172 91
172 108
173 8
173 0
173 163
174 112
174 9
174 121
175 0
175 40
175 71
176 12
176 142
176 39
177 0
177 102
177 6
178 35
178 10
178 2
179 56
179 9
179 7
POSITIONS
28.9587 -41.55261
-4.5429993 -12.30157
45.81416 24.050621
10.470234 -40.106895
21.36574 14.015395
-3.7999 -48.548206
38.70175 -11.587798
5.718854 -22.115667
41.320557 1.4636947
52.787834 -8.618059
-20.825245 38.52248
-31.02574 17.27793
-59.497284 22.94367
6.5814114 -66.4603
20.171272 36.655537
70.53466 21.15204
-31.347345 -74.62582
62.231155 -0.5372745
13.968375 -7.311892
-66.12069 -10.764743
-24.948746 -17.68864
-18.057188 71.70806
-46.205566 -44.453426
-11.926369 -88.80892
42.457016 -23.603373
-63.919952 13.524503
22.40245 87.06374
62.991104 -28.196592
-54.703373 -58.10578
1.362647 -36.322224
-33.474495 30.225748
-78.463844 29.809248
-16.07428 27.198933
-43.33328 4.4659553
-58.41258 -43.472885
-4.8477464 -1.4853047
-25.069633 -39.468056
-10.600089 -82.755
5.197946 88.71062
21.213366 30.457565
15.793394 65.86366
-17.405796 -26.234703
-74.93244 -51.582737
73.58997 -20.674576
54.912285 70.83756
48.18103 36.40401
28.415602 72.032326
81.970314 0.60486156
4.330232 15.622547
15.931895 -2.2461843
-34.86604 70.54015
-27.130857 64.57216
-8.195267 68.691124
-22.890574 0.42498675
-14.942058 -54.70671
56.701115 -70.53806
79.38707 -62.890316
15.68606 -68.52199
34.541016 15.279639
-9.203549 -60.94445
-36.686687 39.017418
4.6544614 -4.842
-68.702065 43.376225
-71.47619 -14.524223
-31.83785 51.34088
66.64312 48.269688
-18.980234 -72.20717
15.976686 -23.021576
-27.99983 -10.92367
24.935995 -8.7066145
-50.577625 -35.47748
72.542435 84.985405
78.76535 37.23297
37.261974 -33.59346
-49.03097 -65.0504
-0.86800617 -25.944668
-43.7012 40.884
37.476166 48.013546
-59.402702 53.30655
36.3959 64.79419
16.964037 -48.498608
-53.01998 68.33899
-48.989925 -26.206358
-93.675156 1.9453645
-90.651955 -36.60164
71.758194 10.236104
-2.1875207 6.1011543
-76.088356 12.596418
45.062298 -40.45523
9.327827 -84.937675
64.0945 88.054504
-39.933758 -70.06213
-90.396324 -23.336071
-11.397015 98.455986
31.528765 27.271706
19.219858 80.74414
39.867 -53.85305
-74.154686 -34.263126
-53.245716 -2.9104018
31.692406 7.462564
-42.521862 -16.49767
6.3908587 47.661045
39.23915 -68.39662
-22.318972 15.255252
-101.10863 -63.270657
0.28837135 -89.76191
-100.97441 -51.226055
7.5144577 34.653244
21.472427 -32.39184
28.139896 -24.886755
-50.69899 -13.676971
-23.74478 -57.521015
9.241369 79.87738
35.576313 80.108894
-22.274473 -99.891716
-3.0588524 -31.207428
6.877679 103.28315
-35.128635 -61.633286
59.16444 -50.091904
-42.901928 59.595417
38.497753 93.00252
73.30446 47.465206
-34.411823 -33.118427
-59.843407 -24.082523
9.563988 22.05022
54.259754 17.23165
31.184555 39.168884
-43.922386 -29.043308
-29.207712 75.602936
96.1707 21.118118
-50.040333 47.03161
29.89291 -54.403214
-16.68246 -43.67828
-8.105569 -38.478313
-15.141152 54.222923
-5.0169845 42.277218
53.73302 -60.130817
79.80563 -43.619602
-24.931948 105.899475
81.05099 -38.425426
38.25704 -87.68584
-0.053624365 83.58917
-88.71228 12.54655
-98.87783 10.11829
-21.321316 9.196011
10.672014 11.377827
-50.236977 -72.73747
56.09199 0.42804286
31.8496 48.047962
-42.94783 -59.84574
-0.929965 96.683685
-28.650867 -107.201645
46.94766 55.494156
14.978522 51.031803
-43.774178 19.175287
-67.006516 -27.456
-39.590023 -77.28024
-96.28725 -12.989751
-80.09533 1.5230929
43.245144 101.82643
42.75001 68.36179
35.979195 35.919918
9.358728 -75.066246
94.949356 -3.8635716
92.70752 15.232137
27.630997 116.49454
63.830715 -36.76438
84.549255 -12.813087
-64.566696 -19.391901
-11.732796 10.227058
0.35273585 75.4968
18.686846 -97.45948
-53.3103 -69.15238
85.568146 -23.743242
68.960335 58.575
59.21092 54.551765
-66.26421 38.71549
55.333572 -64.40419
7.7347417 39.326496
70.95205 -48.72986
