NODES 150
EDGES 444
0 1
0 2
0 3
1 2
1 3
2 3
4 0
4 1
4 3
5 0
5 2
5 4
6 1
6 3
6 5
7 0
7 1
7 2
8 1
8 2
8 5
9 1
9 2
9 3
10 1
10 2
10 7
11 3
11 4
11 7
12 0
12 5
12 7
13 3
13 11
13 4
14 1
14 12
14 6
15 0
15 2
15 11
16 0
16 2
16 14
17 1
17 6
17 9
18 2
18 11
18 4
19 8
19 1
19 2
20 18
20 11
20 6
21 19
21 4
21 14
22 0
22 1
22 15
23 16
23 1
23 17
24 4
24 14
24 15
25 17
25 5
25 9
26 1
26 6
26 14
27 25
27 10
27 4
28 16
28 1
28 18
29 0
29 9
29 26
30 8
30 3
30 6
31 8
31 3
31 6
32 24
32 1
32 29
33 10
33 12
33 6
34 0
34 2
34 18
35 2
35 20
35 29
36 34
36 2
36 7
37 25
37 2
37 7
38 8
38 33
38 4
39 32
39 18
39 22
40 8
40 18
40 35
41 0
41 2
41 30
42 1
42 2
42 3
43 0
43 10
43 7
44 25
44 18
44 2
45 18
45 2
45 5
46 17
46 2
46 23
47 25
47 27
47 28
48 1
48 4
48 30
49 17
49 35
49 5
50 0
50 43
50 46
51 8
51 32
51 27
52 48
52 1
52 8
53 1
53 14
53 33
54 16
54 25
54 0
55 49
55 3
55 29
56 33
56 2
56 4
57 0
57 4
57 14
58 33
58 2
58 14
59 57
59 12
59 7
60 18
60 5
60 31
61 0
61 44
61 54
62 2
62 55
62 23
63 26
63 12
63 15
64 14
64 6
64 30
65 8
65 25
65 27
66 65
66 1
66 52
67 56
67 1
67 12
68 9
68 54
68 7
69 25
69 2
69 4
70 49
70 52
70 22
71 25
71 43
71 37
72 8
72 57
72 25
73 17
73 4
73 62
74 50
74 2
74 4
75 0
75 4
75 12
76 25
76 18
76 7
77 8
77 29
77 5
78 73
78 25
78 53
79 2
79 18
79 14
80 26
80 11
80 54
81 17
81 4
81 5
82 51
82 68
82 13
83 1
83 25
83 33
84 26
84 43
84 55
85 41
85 68
85 38
86 20
86 12
86 29
87 8
87 10
87 37
88 18
88 61
88 55
89 25
89 44
89 30
90 1
90 68
90 7
91 1
91 59
91 28
92 0
92 9
92 14
93 17
93 1
93 79
94 1
94 18
94 5
95 32
95 28
95 37
96 0
96 22
96 15
97 33
97 2
97 83
98 34
98 45
98 54
99 88
99 2
99 51
100 64
100 57
100 2
101 12
101 14
101 6
102 43
102 62
102 30
103 10
103 20
103 15
104 1
104 4
104 52
105 44
105 63
105 68
106 43
106 12
106 7
107 48
107 17
107 12
108 1
108 67
108 5
109 34
109 45
109 93
110 65
110 89
110 68
111 73
111 89
111 8
112 26
112 108
112 50
113 8
113 44
113 54
114 8
114 2
114 47
115 56
115 10
115 4
116 24
116 54
116 14
117 2
117 3
117 52
118 34
118 12
118 30
119 1
119 29
119 103
120 0
120 117
120 15
121 9
121 12
121 109
122 4
122 12
122 44
123 32
123 25
123 12
124 96
124 65
124 100
125 44
125 94
125 30
126 1
126 42
126 116
127 18
127 58
127 109
128 57
128 91
128 124
129 57
129 122
129 6
130 4
130 126
130 71
131 48
131 28
131 6
132 4
132 54
132 55
133 96
133 82
133 93
134 72
134 89
134 4
135 2
135 93
135 87
136 25
136 26
136 30
137 124
137 10
137 100
138 105
138 74
138 38
139 97
139 70
139 63
140 49
140 21
140 30
141 25
141 34
141 54
142 17
142 2
142 62
143 136
143 105
143 62
144 99
144 20
144 62
145 89
145 73
145 13
146 54
146 9
146 22
147 2
147 74
147 117
148 99
148 83
148 75
149 17
149 61
149 62
POSITIONS
-12.908315 -1.9913977
-5.6075397 29.892569
-26.81888 -15.789265
23.793327 -2.9034994
17.84165 24.518866
29.308752 -18.684553
45.141094 -1.7483203
-52.075783 15.59135
43.402565 21.647984
-1.7169768 -20.17719
-38.51924 60.784344
14.0786495 -7.652982
-20.356567 9.533001
62.308117 18.344437
10.970554 6.7176523
-10.192989 44.445217
-12.313844 -20.792368
30.015043 -46.68542
14.474086 -40.54654
31.342896 15.244376
36.47766 -31.363941
61.105446 6.0261803
15.488313 44.78544
-0.5947648 -60.21981
3.4259315 48.793404
4.9247184 16.22241
-14.593136 -35.15996
10.895678 75.67946
6.7172546 58.844673
17.959982 -19.826717
60.30913 -23.44646
66.87907 -8.113193
14.559632 57.827045
-52.31896 31.309233
-39.779423 -63.015697
49.18633 -46.56658
-61.145084 -33.51301
-49.25819 46.571022
-44.16783 3.3411698
28.482456 36.317142
58.02038 -34.00749
-24.018324 -31.613148
-31.996264 25.486912
-66.26372 -7.9881105
40.30841 -44.342915
-16.693918 -72.60111
-29.534912 -62.301727
0.8111657 77.95737
52.58417 31.412369
64.18992 -40.124393
-72.8167 -38.83255
36.394497 46.07119
23.804482 66.97668
-17.878979 41.32226
-15.505935 -47.072895
24.448885 -69.11278
-59.852547 31.39799
43.532104 62.385517
-46.366047 -25.760612
-10.818039 69.76723
58.02145 -40.26521
14.253273 -77.554565
25.65681 -84.765236
-36.8157 5.7814674
67.36964 17.845783
39.95757 80.72035
22.9058 86.05785
-62.183598 19.10527
-24.7703 -2.1543605
-9.421579 15.298214
28.044447 49.770844
-65.40162 45.82055
65.265076 50.80689
74.31603 -16.945744
-68.37126 -22.440954
-36.83144 14.335117
-32.98683 -4.5262914
52.571312 -2.0002198
34.40227 26.184744
-1.319531 -36.565
-10.799891 -55.969433
44.9763 -21.288305
48.042236 41.601406
-60.72899 36.941376
-39.019474 -55.27087
-55.229107 -20.327833
20.351982 -28.40561
-36.430286 48.51973
11.944761 -84.563835
83.87358 8.450806
-45.777203 25.123554
9.607445 92.49039
-0.9108239 -9.589366
-1.1260594 -29.493668
46.85813 -30.850758
-17.635029 81.34186
29.860178 65.64595
-71.40257 37.3489
-37.15856 -86.7164
-3.9687822 -44.491768
45.149075 74.48863
27.645916 6.8266
8.494194 -63.80093
-16.019041 53.02565
12.996068 67.15543
-24.273941 -55.676174
-75.17124 7.83057
38.114105 -8.079201
-50.01896 -10.786092
-34.307045 -80.5105
53.404026 47.98494
93.23562 5.740229
-68.16068 -45.634907
36.529606 -38.452137
-0.36218777 55.227814
-46.831825 62.21005
-25.433884 24.677273
-31.215902 31.438927
1.0625666 -48.750538
-13.139188 40.52301
-31.842733 42.033146
-33.201145 -49.85577
49.409046 8.298715
-3.8661516 50.953945
45.143997 104.97527
72.48408 -49.748882
-50.9905 54.19688
-34.89485 -73.01459
42.343193 110.05329
72.63729 31.699472
-54.530193 64.1158
59.18647 43.541256
11.987327 -54.18717
48.917095 37.959705
80.68287 39.377964
-45.76271 -3.6566815
24.671505 -56.959354
20.330044 104.935814
-66.56632 -38.796883
-36.382355 54.124474
87.49816 -27.33597
-36.709297 -46.597225
7.6334887 -74.51021
11.227125 -94.146545
33.9389 -76.76709
100.230804 3.5065837
3.2086997 -14.574676
-73.02646 -3.7511938
-60.94934 1.52018
33.30939 -95.162025
