NODES 90
EDGES 350
0 1
0 2
0 3
0 4
1 2
1 3
1 4
2 3
2 4
3 4
5 0
5 1
5 2
5 3
6 0
6 1
6 3
6 4
7 1
7 2
7 3
7 6
8 0
8 1
8 4
8 6
9 0
9 1
9 3
9 5
10 9
10 3
10 4
10 1
11 0
11 2
11 5
11 6
12 8
12 3
12 4
12 5
13 1
13 2
13 3
13 4
14 0
14 1
14 8
14 6
15 0
15 8
15 3
15 5
16 4
16 5
16 14
16 6
17 1
17 10
17 4
17 5
18 17
18 10
18 3
18 4
19 17
19 18
19 3
19 13
20 9
20 11
20 5
20 7
21 8
21 17
21 3
21 11
22 3
22 19
22 21
22 15
23 0
23 17
23 3
23 4
24 0
24 2
24 19
24 4
25 0
25 8
25 3
25 7
26 0
26 17
26 1
26 9
27 24
27 1
27 3
27 17
28 0
28 10
28 11
28 6
29 16
29 8
29 26
29 3
30 8
30 1
30 2
30 14
31 24
31 0
31 3
31 4
32 0
32 1
32 4
32 25
33 1
33 3
33 4
33 6
34 1
34 26
34 28
34 7
35 0
35 24
35 5
35 14
36 8
36 0
36 18
36 3
37 24
37 33
37 3
37 20
38 24
38 1
38 3
38 37
39 0
39 18
39 32
39 12
40 1
40 21
40 6
40 9
41 24
41 1
41 4
41 5
42 24
42 3
42 12
42 4
43 24
43 17
43 19
43 5
44 41
44 2
44 19
44 29
45 24
45 0
45 2
45 3
46 1
46 2
46 4
46 12
47 24
47 17
47 4
47 31
48 18
48 2
48 35
48 47
49 1
49 10
49 18
49 14
50 40
50 17
50 18
50 3
51 25
51 3
51 4
51 31
52 8
52 20
52 29
52 46
53 0
53 8
53 50
53 3
54 11
54 9
54 27
54 12
55 48
55 8
55 35
55 5
56 0
56 9
56 6
56 1
57 0
57 17
57 50
57 5
58 0
58 1
58 35
58 45
59 43
59 36
59 22
59 31
60 16
60 25
60 26
60 46
61 1
61 5
61 54
61 30
62 0
62 1
62 26
62 32
63 40
63 29
63 45
63 5
64 32
64 36
64 30
64 14
65 8
65 29
65 53
65 5
66 1
66 2
66 5
66 7
67 40
67 10
67 4
67 39
68 8
68 4
68 5
68 55
69 17
69 2
69 4
69 5
70 9
70 60
70 30
70 55
71 16
71 3
71 61
71 6
72 40
72 5
72 4
72 37
73 65
73 27
73 12
73 30
74 17
74 50
74 61
74 29
75 18
75 11
75 4
75 53
76 17
76 18
76 35
76 12
77 26
77 5
77 52
77 45
78 8
78 1
78 2
78 26
79 32
79 48
79 20
79 61
80 17
80 3
80 36
80 69
81 0
81 29
81 21
81 45
82 0
82 65
82 53
82 22
83 0
83 4
83 5
83 78
84 17
84 5
84 13
84 14
85 48
85 25
85 11
85 72
86 13
86 11
86 21
86 55
87 25
87 4
87 21
87 7
88 0
88 35
88 19
88 20
89 24
89 0
89 69
89 16
POSITIONS
10.001782 8.392386
-43.185833 -10.329218
28.267824 -25.61549
32.510025 31.14188
-24.175306 -47.576515
44.963913 1.676472
-7.7707953 69.86023
6.37574 -57.091797
62.96042 -35.519306
-75.06275 -7.5783153
-13.5406885 -122.14344
-23.19524 14.640566
1.1718428 -89.041916
81.94841 5.8803525
-70.41582 43.10088
-30.278145 -94.87269
94.418686 37.00769
-3.3474202 -20.68246
38.351334 -55.96973
-38.426113 42.764942
-90.44092 -38.93881
118.88246 57.631516
-95.271965 98.11463
14.073725 -138.29219
30.639038 63.080082
-58.466957 -38.41724
66.314766 -71.52003
-72.61698 75.02214
-49.027546 -68.97744
184.88667 12.3710985
-108.99491 -12.867994
33.119392 -87.53441
-40.625015 74.68004
-122.2824 -42.100792
112.38413 -146.06
-38.24629 126.899216
-70.65044 -99.77826
-65.207954 109.07263
-103.6397 67.22677
96.32244 -82.63367
-6.3162313 124.784645
-81.02351 -69.50656
118.720955 -46.248978
-131.56393 82.84757
116.25049 -107.66971
105.687675 127.39326
-63.161987 -152.54854
102.42376 -18.712585
33.18901 123.59964
-99.879166 -158.21988
82.37142 105.481766
-140.83488 -16.033278
82.49175 -134.20671
56.702557 86.38384
-174.50816 39.11026
147.2124 15.29034
-123.19915 113.729416
71.68933 -103.06469
18.429935 169.27892
-204.27606 -62.373154
77.27682 -186.07718
-79.18859 149.14107
-45.5215 -123.3182
174.47307 139.80107
-213.7652 23.562105
163.41393 -22.595419
69.476814 57.04782
-118.58528 -93.88807
158.57356 -86.835625
-92.0529 19.535728
-2.9386337 -185.35591
86.41545 178.7299
-139.03194 51.72976
45.75993 -142.74794
54.7065 183.036
-97.62451 -118.06752
113.4865 11.313489
1.5553741 39.259876
40.355564 -174.59727
-57.348064 215.75723
-172.56386 -11.887388
218.14809 76.43413
-13.46478 166.68524
-27.55471 -164.90967
109.26226 88.145424
-174.76292 110.09034
210.42761 -24.270197
15.8465185 91.45329
-160.29321 -41.44362
132.5821 110.05403
