NODES 195
EDGES 579
0 1
0 2
0 3
1 2
1 3
2 3
4 0
4 1
4 3
5 0
5 1
5 4
6 1
6 4
6 5
7 2
7 3
7 4
8 1
8 4
8 5
9 1
9 4
9 6
10 1
10 3
10 5
11 9
11 2
11 4
12 9
12 6
12 7
13 1
13 6
13 7
14 8
14 13
14 6
15 3
15 12
15 6
16 5
16 14
16 7
17 9
17 12
17 15
18 16
18 6
18 7
19 16
19 10
19 7
20 16
20 13
20 6
21 0
21 1
21 6
22 1
22 2
22 21
23 16
23 19
23 22
24 0
24 4
24 6
25 4
25 13
25 15
26 1
26 5
26 6
27 16
27 1
27 14
28 8
28 2
28 13
29 20
29 14
29 6
30 19
30 6
30 23
31 29
31 4
31 21
32 27
32 5
32 30
33 4
33 12
33 14
34 16
34 24
34 19
35 0
35 26
35 6
36 17
36 4
36 15
37 8
37 6
37 30
38 16
38 9
38 5
39 16
39 1
39 27
40 16
40 5
40 7
41 0
41 17
41 27
42 24
42 30
42 23
43 32
43 21
43 7
44 2
44 34
44 30
45 17
45 34
45 13
46 0
46 34
46 23
47 11
47 28
47 29
48 0
48 38
48 23
49 0
49 1
49 29
50 0
50 3
50 29
51 40
51 4
51 21
52 24
52 49
52 1
53 8
53 24
53 46
54 4
54 20
54 39
55 1
55 42
55 49
56 0
56 17
56 15
57 25
57 51
57 14
58 5
58 20
58 21
59 24
59 2
59 32
60 16
60 9
60 4
61 4
61 5
61 6
62 17
62 4
62 9
63 34
63 19
63 60
64 16
64 25
64 13
65 56
65 42
65 39
66 27
66 28
66 63
67 1
67 27
67 59
68 58
68 19
68 12
69 25
69 66
69 63
70 4
70 21
70 30
71 64
71 1
71 5
72 1
72 54
72 23
73 67
73 6
73 55
74 61
74 22
74 6
75 32
75 1
75 23
76 25
76 68
76 9
77 32
77 1
77 30
78 1
78 74
78 10
79 1
79 20
79 7
80 1
80 42
80 4
81 17
81 21
81 22
82 27
82 44
82 30
83 17
83 28
83 5
84 49
84 2
84 7
85 9
85 43
85 6
86 9
86 27
86 6
87 7
87 62
87 63
88 44
88 6
88 79
89 25
89 4
89 7
90 0
90 3
90 62
91 1
91 29
91 23
92 33
92 20
92 31
93 1
93 37
93 39
94 9
94 58
94 84
95 0
95 41
95 69
96 9
96 35
96 53
97 2
97 3
97 44
98 1
98 19
98 9
99 1
99 19
99 44
100 35
100 2
100 10
101 72
101 1
101 68
102 32
102 26
102 12
103 3
103 4
103 37
104 8
104 54
104 6
105 58
105 91
105 4
106 104
106 89
106 38
107 3
107 84
107 86
108 17
108 1
108 94
109 9
109 4
109 69
110 82
110 4
110 109
111 82
111 76
111 90
112 64
112 1
112 62
113 43
113 84
113 30
114 0
114 11
114 39
115 50
115 37
115 15
116 19
116 7
116 71
117 89
117 4
117 31
118 1
118 115
118 117
119 24
119 65
119 92
120 9
120 58
120 3
121 33
121 66
121 54
122 1
122 17
122 9
123 66
123 92
123 103
124 31
124 85
124 79
125 88
125 35
125 91
126 40
126 24
126 37
127 16
127 94
127 39
128 35
128 13
128 6
129 2
129 3
129 114
130 1
130 19
130 46
131 1
131 66
131 29
132 58
132 4
132 55
133 16
133 9
133 58
134 88
134 14
134 63
135 129
135 51
135 71
136 48
136 29
136 93
137 9
137 66
137 71
138 128
138 1
138 120
139 82
139 4
139 39
140 9
140 27
140 29
141 120
141 57
141 10
142 1
142 41
142 95
143 58
143 37
143 38
144 139
144 53
144 78
145 143
145 131
145 103
146 21
146 38
146 71
147 2
147 70
147 111
148 8
148 5
148 7
149 56
149 145
149 21
150 9
150 20
150 92
151 83
151 2
151 67
152 27
152 13
152 7
153 9
153 23
153 15
154 56
154 13
154 71
155 56
155 9
155 45
156 17
156 6
156 94
157 124
157 93
157 86
158 29
158 30
158 55
159 1
159 4
159 118
160 129
160 107
160 78
161 58
161 37
161 71
162 124
162 29
162 95
163 1
163 27
163 78
164 72
164 56
164 37
165 120
165 1
165 75
166 1
166 5
166 37
167 56
167 62
167 14
168 16
168 39
168 71
169 51
169 19
169 5
170 24
170 146
170 14
171 26
171 53
171 23
172 9
172 4
172 70
173 34
173 54
173 15
174 37
174 61
174 110
175 17
175 29
175 151
176 129
176 164
176 9
177 9
177 140
177 13
178 16
178 33
178 46
179 70
179 68
179 62
180 65
180 82
180 29
181 10
181 20
181 39
182 180
182 29
182 44
183 27
183 37
183 7
184 32
184 16
184 180
185 56
185 41
185 23
186 166
186 70
186 7
187 80
187 72
187 3
188 26
188 147
188 44
189 50
189 35
189 125
190 49
190 18
190 103
191 140
191 142
191 63
192 151
192 60
192 55
193 80
193 132
193 23
194 32
194 6
194 15
POSITIONS
-70.17228 3.0779302
-5.3469825 -69.864456
53.068535 -75.52576
34.162136 10.874926
-78.19067 -53.58716
-53.85292 30.57526
-16.631487 -21.156666
0.4026633 5.924774
-32.923824 6.3809557
-123.72866 -35.581684
160.96497 -18.465319
13.383052 35.163536
-32.457436 -133.135
28.350317 -116.87779
22.63906 -85.395424
-14.083398 -106.93686
44.02024 44.34896
-113.721855 -177.1167
-0.5887261 -135.95558
-2.040703 68.673965
67.739876 79.08907
51.200882 -43.575672
-55.903027 -30.623547
-149.92355 -58.977386
65.03583 110.94985
-119.51062 -79.89283
97.20707 -2.1979911
32.925995 79.63833
75.530655 -150.6477
133.04228 -54.72666
-105.44648 56.6429
112.244545 -79.03941
-9.344433 175.38135
19.958235 -50.331013
155.24553 86.6243
-18.348688 39.21043
-115.97903 -242.47511
-24.675085 129.27173
-165.67119 -24.398594
118.07555 -26.453108
-65.41904 179.50545
-162.48312 7.5987854
21.205257 -18.381544
-85.629295 154.69006
44.104084 -144.71274
103.040115 68.911995
-30.442099 -50.006695
280.32312 -127.636734
-133.96487 29.720762
122.59965 -111.206154
218.82956 91.97639
-203.53694 -3.7897508
192.97054 -104.056465
68.17906 180.69823
-35.067806 -81.658966
78.11982 48.836525
-163.3197 -136.17084
-48.63344 -278.50266
103.37243 29.20194
-151.07254 113.345695
64.90971 19.735334
-143.87213 144.61864
-194.46959 -128.84724
150.06252 268.6341
-88.33456 -23.242823
-7.581248 -222.44353
90.51731 293.49637
-144.38493 -100.0241
56.4734 -12.05435
-88.819084 287.30365
-81.42496 -128.67834
23.923012 111.668594
-270.98752 -84.99295
107.42751 -152.74515
35.65541 170.97958
-50.53035 -159.535
-42.695103 156.97928
-178.40164 167.12741
256.51907 74.97228
-6.034882 100.423225
-224.85248 -83.96473
82.74077 -208.10664
-44.56338 95.6527
-130.30386 -271.0943
221.718 -37.839973
-222.14429 125.27516
164.07704 -62.51877
89.13143 136.05704
-77.57465 -85.572044
-59.358585 -219.97282
-193.09612 138.7156
24.292765 -219.6964
162.00632 207.68437
93.29079 -124.032616
59.422897 -109.22403
-45.135242 256.13388
-195.91093 -34.868134
221.50455 -118.53079
-221.2871 50.76949
79.18675 -239.9085
185.95653 118.81055
-226.1917 -133.04811
220.52425 28.74657
-130.04956 174.37726
-140.99832 -193.84973
188.6085 -42.003616
-297.7262 -205.17587
337.85303 -13.477014
-42.317562 60.40437
-252.4412 43.424244
-101.11055 88.3348
-126.26017 297.98248
-98.35683 -269.18985
116.31951 235.63722
-119.12141 114.76875
253.05661 -44.31369
13.438426 249.0235
64.11231 -296.9375
189.33603 -267.9788
-56.647614 128.1877
149.64229 -184.26181
130.33061 203.18661
-240.95944 -161.43242
135.7876 368.80743
60.19249 149.71313
-26.831495 -184.38759
43.559643 323.07733
-52.693474 -108.35515
139.39801 -153.94899
7.5598297 210.79752
-136.55797 -153.99004
115.77845 159.7904
-164.41791 39.533142
143.28433 -86.83148
78.25951 232.92894
-218.98465 205.77045
209.91075 -165.0414
-57.246677 292.5174
141.55722 -301.73416
187.24586 86.83638
-89.46064 28.929522
208.1472 -305.5058
46.383263 215.71931
-195.97766 106.841515
347.07294 148.0222
-156.02289 263.09955
117.66569 -183.05898
137.5834 40.311394
-195.47655 31.855251
79.79908 -57.90569
-12.528568 272.2184
-177.73694 -255.77432
197.46056 50.92714
-284.40585 -55.94217
51.250328 -202.4591
-99.400856 183.57349
-182.84378 -210.7246
309.01187 -62.07674
-26.13078 202.62503
38.50623 -272.36423
338.11697 178.74338
-108.96243 231.26605
249.6068 136.3138
101.85244 188.60109
-298.13016 73.06871
191.23203 -236.03502
-88.16962 122.79787
-158.38852 -292.48047
225.61302 157.48686
-244.27805 -40.662537
249.11472 -134.69452
-81.39409 215.01842
-154.25952 -225.11003
251.99237 -12.330785
-220.60617 276.81638
-31.341541 -324.56613
-222.0809 237.62029
-208.33107 -167.09488
204.27074 -69.910904
-272.6642 -25.890089
17.444626 -162.38522
296.9383 57.425457
-15.098149 -264.2342
165.95059 56.468464
48.96938 247.61464
-269.86102 -189.44278
128.4221 9.292946
-318.22684 23.863197
260.0435 -180.35806
190.88814 178.14171
-186.64325 -90.70351
206.36923 294.0468
-178.49747 68.251114
-331.11404 -163.26566
124.259476 125.40143
