NODES 180
EDGES 357
0 1
0 2
1 2
3 0
3 1
4 0
4 3
5 0
5 3
6 1
6 5
7 2
7 3
8 1
8 3
9 1
9 5
10 1
10 3
11 3
11 5
12 9
12 1
13 9
13 1
14 9
14 3
15 1
15 3
16 1
16 9
17 16
17 4
18 0
18 5
19 9
19 3
20 9
20 4
21 9
21 10
22 1
22 5
23 10
23 3
24 3
24 21
25 1
25 7
26 9
26 3
27 26
27 3
28 1
28 4
29 2
29 13
30 10
30 4
31 9
31 3
32 16
32 3
33 9
33 5
34 3
34 22
35 10
35 31
36 8
36 29
37 0
37 25
38 1
38 28
39 0
39 10
40 26
40 28
41 4
41 31
42 40
42 18
43 25
43 3
44 1
44 9
45 3
45 37
46 42
46 38
47 3
47 12
48 11
48 3
49 25
49 19
50 11
50 38
51 2
51 37
52 25
52 10
53 26
53 36
54 1
54 4
55 25
55 50
56 2
56 3
57 10
57 30
58 9
58 4
59 42
59 7
60 0
60 3
61 0
61 3
62 42
62 45
63 25
63 5
64 2
64 4
65 18
65 53
66 57
66 4
67 1
67 59
68 25
68 12
69 10
69 29
70 10
70 3
71 32
71 46
72 52
72 5
73 10
73 50
74 8
74 6
75 41
75 4
76 25
76 55
77 12
77 31
78 42
78 3
79 16
79 7
80 1
80 26
81 0
81 1
82 76
82 15
83 3
83 5
84 42
84 35
85 0
85 9
86 50
86 83
87 7
87 55
88 73
88 3
89 12
89 77
90 57
90 2
91 2
91 37
92 1
92 82
93 17
93 4
94 17
94 13
95 1
95 50
96 65
96 10
97 6
97 7
98 88
98 43
99 0
99 52
100 40
100 86
101 28
101 45
102 25
102 4
103 0
103 85
104 60
104 54
105 4
105 29
106 41
106 9
107 25
107 3
108 13
108 53
109 1
109 26
110 1
110 3
111 29
111 94
112 1
112 22
113 29
113 110
114 3
114 83
115 20
115 46
116 43
116 68
117 72
117 26
118 89
118 102
119 6
119 7
120 57
120 20
121 80
121 18
122 25
122 3
123 1
123 10
124 4
124 5
125 9
125 100
126 20
126 29
127 51
127 14
128 4
128 6
129 65
129 17
130 1
130 4
131 16
131 4
132 58
132 21
133 66
133 53
134 20
134 77
135 1
135 38
136 3
136 85
137 107
137 54
138 82
138 7
139 77
139 54
140 43
140 126
141 129
141 10
142 80
142 42
143 1
143 21
144 65
144 25
145 10
145 3
146 1
146 67
147 102
147 22
148 4
148 13
149 71
149 79
150 16
150 43
151 9
151 37
152 10
152 38
153 3
153 83
154 129
154 100
155 16
155 19
156 0
156 129
157 83
157 3
158 107
158 4
159 28
159 61
160 80
160 77
161 107
161 31
162 42
162 6
163 81
163 12
164 1
164 9
165 113
165 9
166 154
166 62
167 1
167 54
168 80
168 12
169 16
169 43
170 74
170 28
171 90
171 109
172 96
172 42
173 16
173 139
174 112
174 118
175 16
175 151
176 0
176 61
177 1
177 11
178 10
178 20
179 58
179 31
POSITIONS
21.05241 -19.421873
4.5977874 -31.09086
-10.404823 -33.22222
22.371986 5.15198
-56.80424 -4.1271152
37.45081 -2.0843039
69.17035 -51.2605
72.39342 -29.044796
22.942066 -26.710417
-30.041847 -14.578137
5.6554866 62.16308
61.68371 3.890449
-67.4428 -17.200006
-68.67735 25.358885
-6.240629 -52.45441
50.843353 -20.546331
-39.20924 -14.961052
-59.834984 36.3451
55.42263 43.008293
-18.29844 6.387185
-58.82873 50.06257
-30.858109 16.231873
-6.211856 -67.5111
23.17719 47.104603
-8.043726 13.045429
8.889324 17.992813
12.320509 42.342594
24.684334 33.363926
55.74272 -41.88296
-77.25417 34.851543
-36.138786 55.90234
-67.42526 7.429456
36.40096 -15.546838
0.94017184 -7.8978276
10.530314 -53.483425
-4.7141595 56.040382
-33.477913 40.518223
19.903563 -58.713104
69.95089 -6.027072
16.559597 31.85228
82.70498 25.501421
-91.997086 -17.177843
100.819626 29.85279
-33.3508 60.310036
-21.442186 -42.980442
79.05675 -30.488548
90.66005 11.828792
-27.723654 -2.1969447
54.175686 6.162646
-12.713995 20.721481
84.75067 32.66035
2.6333978 -81.307945
27.633432 58.888557
-22.19268 86.449
-64.525 -53.622807
77.07575 27.153395
4.861521 -15.115914
-41.9396 79.641624
-83.69327 -7.7377987
94.40023 -26.878742
-6.744026 -28.116457
44.001575 -46.30839
120.69408 21.189293
33.217094 18.243778
-45.46062 -32.991405
31.582268 96.238976
-60.48008 74.52938
53.17793 -60.539356
-51.16495 31.911852
-45.60731 63.50732
16.540941 48.96602
94.00396 -17.113703
43.911163 58.450176
50.282757 72.09518
66.28574 -69.26891
-96.76478 -20.391468
69.542244 14.530036
-106.153305 -10.093527
81.534386 17.883568
52.916035 -36.356384
-5.5219984 33.452805
-14.794313 -50.45347
86.17559 -20.027983
68.92543 23.225466
62.894535 58.52708
17.472422 -45.916725
100.288284 46.479008
96.80027 0.36281183
27.351896 72.704506
-107.732925 -38.87838
-28.852446 41.90959
6.515862 -69.1542
60.287464 -33.809177
-79.66506 23.306313
-95.08058 45.44413
59.01531 -3.4105742
51.16473 94.692
89.89336 -51.6568
-5.3801475 88.14777
33.13667 31.610826
94.19879 56.185165
83.42127 -52.1587
-58.071842 -45.477875
27.724464 -52.08178
-47.34859 -59.10636
-90.28867 20.589771
-80.20246 -28.820034
-45.656624 4.0009017
-56.695873 70.759186
-6.250383 25.72915
-19.297014 -25.82625
-105.69226 48.975094
-30.33845 -82.76923
-65.52751 -22.184566
55.915962 21.567234
25.366531 41.868454
-59.122833 63.058773
36.917473 70.53649
-93.22629 -70.55333
90.43737 -56.0658
-60.80937 84.23258
34.269634 54.64257
20.637852 22.080519
0.3986741 16.494581
-11.885918 -1.8874375
43.586582 29.393713
-84.4217 67.206924
-3.370429 -90.09865
6.157782 -49.09275
28.67435 87.57929
-36.143906 -33.42246
-60.718548 -19.418747
-79.14689 2.6129148
-48.848217 99.767525
-104.26783 26.004051
48.17783 -29.521446
29.938475 -35.584934
-73.114845 -36.79273
102.19461 -31.408484
-103.33058 -44.79505
-73.77445 80.4937
18.324265 96.9336
63.235397 43.865284
-15.498476 -9.521582
21.011333 79.0954
20.484684 50.8601
35.881485 -68.78627
-42.05476 -76.93018
-86.24514 12.410538
94.677765 -38.26487
-44.090866 31.372261
-22.815958 -62.29329
49.3481 38.491436
59.648125 20.4616
95.73962 80.3989
-36.656494 -0.036243863
36.43199 47.906277
60.885265 15.410155
-71.58594 -0.7037955
61.721443 -63.27756
-76.79138 16.996931
-76.708755 9.831565
107.82606 -14.262028
-52.26277 -48.354465
-22.615751 -38.725216
-60.077843 -33.19533
125.38224 59.038567
-38.558575 -63.238235
-47.377872 16.064787
-46.247818 35.526745
74.39556 -75.171715
-21.759825 46.9215
89.14222 75.57489
-89.87439 -41.09905
-72.917885 -92.27829
-40.02303 -56.192387
40.591045 -52.89179
44.440884 -22.301563
-30.074963 74.75014
-97.715706 -0.51284033
