NODES 105
EDGES 309
0 1
0 2
0 3
1 2
1 3
2 3
4 0
4 2
4 3
5 2
5 3
5 4
6 0
6 2
6 4
7 0
7 3
7 5
8 0
8 2
8 5
9 1
9 2
9 3
10 2
10 3
10 6
11 1
11 2
11 7
12 0
12 1
12 6
13 2
13 12
13 7
14 1
14 10
14 4
15 1
15 2
15 14
16 2
16 3
16 4
17 0
17 3
17 5
18 0
18 1
18 13
19 16
19 2
19 14
20 1
20 11
20 4
21 17
21 18
21 15
22 9
22 2
22 4
23 3
23 11
23 4
24 2
24 4
24 5
25 17
25 3
25 13
26 3
26 4
26 5
27 17
27 14
27 23
28 9
28 2
28 11
29 27
29 3
29 19
30 0
30 3
30 7
31 2
31 5
31 30
32 26
32 2
32 15
33 20
33 5
33 31
34 3
34 27
34 4
35 0
35 2
35 7
36 0
36 33
36 4
37 0
37 16
37 7
38 24
38 2
38 3
39 3
39 13
39 30
40 3
40 21
40 7
41 2
41 18
41 5
42 32
42 1
42 4
43 2
43 10
43 38
44 16
44 5
44 30
45 1
45 2
45 36
46 19
46 4
46 7
47 0
47 5
47 6
48 18
48 6
48 15
49 4
49 14
49 31
50 18
50 20
50 34
51 0
51 17
51 41
52 0
52 2
52 44
53 0
53 4
53 6
54 2
54 45
54 30
55 2
55 51
55 31
56 24
56 20
56 13
57 35
57 3
57 1
58 1
58 2
58 3
59 1
59 18
59 20
60 19
60 37
60 55
61 24
61 34
61 11
62 2
62 34
62 5
63 28
63 30
63 7
64 2
64 13
64 6
65 48
65 51
65 4
66 19
66 61
66 22
67 9
67 4
67 5
68 17
68 35
68 61
69 0
69 43
69 62
70 27
70 14
70 7
71 2
71 3
71 21
72 1
72 19
72 20
73 26
73 20
73 14
74 59
74 30
74 14
75 43
75 30
75 63
76 65
76 9
76 19
77 48
77 10
77 74
78 2
78 54
78 15
79 19
79 39
79 63
80 8
80 51
80 3
81 1
81 61
81 54
82 20
82 21
82 7
83 51
83 53
83 15
84 57
84 4
84 1
85 48
85 56
85 27
86 2
86 19
86 61
87 57
87 2
87 67
88 41
88 34
88 35
89 0
89 45
89 7
90 1
90 3
90 20
91 52
91 6
91 60
92 8
92 10
92 5
93 25
93 18
93 87
94 58
94 13
94 63
95 16
95 2
95 68
96 57
96 78
96 30
97 81
97 42
97 7
98 33
98 4
98 53
99 76
99 4
99 52
100 2
100 60
100 15
101 2
101 53
101 38
102 32
102 34
102 13
103 57
103 34
103 4
104 17
104 10
104 33
POSITIONS
-25.912981 -14.278363
36.27473 -14.04763
-15.159191 8.178213
8.10155 15.195235
-8.811088 -6.624103
-37.16985 2.3325982
-40.487076 -31.436865
24.656778 29.373617
-64.009544 2.6716526
-8.339299 36.84887
-39.237885 -17.724087
39.8619 30.020763
6.6609735 -30.746815
46.547432 -3.7200434
23.821999 10.884019
9.525048 -18.860147
-23.314873 45.915386
-10.725835 20.185036
37.07805 -43.02189
1.3856332 64.183304
57.646896 -12.080121
37.171654 8.736258
-11.311196 47.69987
33.133137 23.49225
2.8712223 0.8273265
29.366594 -6.59962
18.314491 -4.009962
46.32848 21.380169
17.804337 51.389854
26.05598 56.09495
13.230553 7.0545115
-44.654957 16.24478
45.009804 -15.7449465
-46.959763 -21.280897
31.796438 -26.788485
3.2859998 -12.281435
-30.04209 -39.726456
-31.808723 43.895863
-22.29536 -22.899807
44.90581 36.73976
35.98977 36.231777
-17.197712 -35.17995
60.25827 -3.14133
-33.056747 -24.382511
-40.769142 32.94833
0.020604296 -33.930485
6.9898086 48.24968
-58.26737 -22.521832
-3.2684436 -49.68195
-23.803982 21.882097
61.485023 -43.192505
-59.652054 -4.359276
-57.608128 25.827824
-55.463703 -42.57356
21.070086 -18.476963
-63.077652 29.172064
65.02165 -18.048838
22.585587 -47.54862
39.092735 16.118101
54.92394 -41.369225
-53.488907 52.33779
29.390865 44.622097
-22.788418 -35.8904
38.711548 54.53382
-6.7134013 -23.827818
-47.76205 0.37545124
8.349402 75.40717
-24.798836 -3.0785465
-1.3891761 44.766487
-38.721558 -47.6686
49.763683 40.17539
12.748246 27.93964
54.289013 21.795027
51.71305 3.6658468
28.106731 -35.247314
5.247944 28.316536
-38.53856 52.90815
-10.539289 -57.84929
13.784818 -37.181538
38.25668 71.446205
-60.05746 10.778116
62.172466 10.372472
62.86436 16.436922
-56.200397 -32.402504
24.303915 -40.971615
54.54464 -29.133224
8.724735 59.922565
5.346458 -43.564285
6.0119743 -50.335213
-0.35592955 -21.24378
53.86159 -17.30145
-72.64643 22.741608
-71.66412 -7.282109
36.901733 -53.871067
63.359287 34.31055
-21.399014 55.4138
24.574207 -53.442856
72.998146 18.378237
-60.021473 -36.805447
-51.87754 38.24326
-32.95096 28.086239
-47.490307 -37.38085
64.64455 -26.677246
16.903337 -52.192432
-53.866898 -10.769676
