NODES 135
EDGES 530
0 1
0 2
0 3
0 4
1 2
1 3
1 4
2 3
2 4
3 4
5 0
5 1
5 2
5 4
6 1
6 2
6 3
6 4
7 0
7 1
7 4
7 6
8 0
8 1
8 2
8 6
9 1
9 2
9 3
9 5
10 0
10 1
10 3
10 7
11 0
11 8
11 2
11 1
12 0
12 9
12 2
12 5
13 8
13 1
13 4
13 9
14 0
14 2
14 3
14 12
15 8
15 9
15 10
15 14
16 10
16 3
16 14
16 15
17 8
17 2
17 11
17 6
18 8
18 1
18 10
18 2
19 8
19 9
19 12
19 14
20 8
20 1
20 10
20 9
21 0
21 1
21 5
21 8
22 0
22 18
22 2
22 6
23 11
23 18
23 19
23 7
24 8
24 4
24 12
24 14
25 8
25 19
25 11
25 22
26 8
26 1
26 10
26 6
27 24
27 1
27 11
27 6
28 2
28 27
28 13
28 14
29 0
29 4
29 20
29 5
30 8
30 4
30 28
30 22
31 0
31 3
31 30
31 15
32 8
32 5
32 22
32 23
33 24
33 27
33 5
33 23
34 24
34 2
34 14
34 30
35 9
35 18
35 12
35 30
36 0
36 1
36 20
36 22
37 8
37 4
37 6
37 14
38 9
38 34
38 18
38 23
39 8
39 18
39 37
39 30
40 18
40 11
40 22
40 14
41 8
41 19
41 28
41 15
42 3
42 37
42 14
42 6
43 8
43 1
43 28
43 14
44 41
44 20
44 30
44 14
45 40
45 0
45 19
45 29
46 16
46 9
46 15
46 39
47 8
47 1
47 4
47 22
48 5
48 11
48 13
48 30
49 0
49 9
49 4
49 1
50 32
50 9
50 42
50 38
51 10
51 3
51 5
51 6
52 24
52 3
52 19
52 11
53 8
53 32
53 50
53 11
54 0
54 33
54 10
54 50
55 3
55 31
55 28
55 23
56 0
56 2
56 34
56 30
57 0
57 24
57 18
57 9
58 10
58 5
58 38
58 14
59 0
59 10
59 22
59 7
60 24
60 27
60 28
60 6
61 50
61 2
61 20
61 7
62 0
62 35
62 52
62 23
63 1
63 11
63 6
63 47
64 17
64 7
64 29
64 15
65 0
65 56
65 26
65 5
66 8
66 42
66 30
66 7
67 8
67 1
67 43
67 65
68 1
68 59
68 14
68 23
69 1
69 11
69 14
69 63
70 8
70 0
70 26
70 21
71 0
71 57
71 18
71 7
72 8
72 27
72 29
72 22
73 8
73 0
73 66
73 20
74 72
74 8
74 18
74 7
75 8
75 0
75 62
75 23
76 8
76 1
76 5
76 69
77 9
77 44
77 37
77 55
78 1
78 42
78 18
78 36
79 25
79 52
79 30
79 1
80 16
80 29
80 13
80 5
81 48
81 8
81 26
81 24
82 27
82 34
82 26
82 20
83 8
83 9
83 27
83 37
84 18
84 3
84 7
84 63
85 10
85 7
85 5
85 55
86 10
86 3
86 12
86 61
87 19
87 18
87 3
87 46
88 8
88 65
88 37
88 22
89 3
89 1
89 18
89 26
90 8
90 49
90 20
90 30
91 42
91 75
91 28
91 5
92 9
92 2
92 27
92 12
93 34
93 11
93 77
93 29
94 0
94 41
94 19
94 5
95 9
95 11
95 20
95 7
96 15
96 12
96 21
96 71
97 50
97 4
97 5
97 30
98 2
98 12
98 6
98 79
99 65
99 49
99 6
99 31
100 43
100 35
100 93
100 49
101 11
101 9
101 67
101 20
102 66
102 28
102 39
102 79
103 38
103 0
103 46
103 23
104 43
104 52
104 13
104 46
105 73
105 26
105 101
105 79
106 8
106 97
106 67
106 6
107 9
107 37
107 5
107 7
108 8
108 106
108 28
108 95
109 72
109 106
109 20
109 14
110 89
110 9
110 90
110 18
111 16
111 83
111 4
111 14
112 24
112 19
112 108
112 101
113 73
113 81
113 34
113 70
114 34
114 26
114 70
114 14
115 51
115 74
115 3
115 35
116 58
116 11
116 38
116 111
117 8
117 2
117 99
117 29
118 90
118 12
118 4
118 44
119 1
119 106
119 43
119 52
120 0
120 1
120 22
120 41
121 98
121 11
121 29
121 22
122 88
122 57
122 92
122 112
123 3
123 27
123 19
123 20
124 0
124 75
124 108
124 109
125 8
125 121
125 66
125 107
126 16
126 27
126 91
126 95
127 24
127 3
127 124
127 53
128 1
128 18
128 36
128 5
129 10
129 83
129 109
129 95
130 16
130 83
130 5
130 126
131 41
131 19
131 4
131 13
132 11
132 130
132 51
132 4
133 121
133 44
133 70
133 6
134 43
134 123
134 118
134 7
POSITIONS
-10.930811 2.57009
5.3510013 44.680603
-9.3791 13.389526
-34.705097 1.5214599
-23.137295 -3.8149085
-20.029251 -32.513382
37.055573 12.083379
4.7718782 13.248848
26.766273 31.764807
-36.30925 -20.414871
-9.006786 -23.69893
25.750395 1.9930519
-48.279713 1.2047869
-53.04862 -5.7310553
-0.20630237 -29.729437
-66.95569 -12.667019
-47.592823 -65.2381
21.632936 21.49425
-26.130562 50.98204
-49.60915 16.280561
42.4281 24.956015
-11.691788 26.410547
16.383781 59.67659
-7.9812336 -46.06677
22.1225 -41.47223
10.921851 72.0198
60.302345 16.70692
36.834206 -35.4123
7.176991 -11.619077
-30.769466 21.657784
-2.107618 28.287842
-62.926777 -16.407154
39.9284 -22.98865
16.707075 -73.74102
16.307066 -40.10779
-68.04308 28.622929
22.72087 73.3434
20.116955 -20.026924
-14.49365 -66.364296
-10.642945 42.50565
-14.014603 50.380013
-55.40794 32.208687
45.116604 -11.675509
-32.496574 47.626415
4.030188 22.975227
-50.59693 46.280586
-80.751015 -20.59599
26.354279 64.02138
9.526696 -21.19156
-56.663193 27.735409
37.125023 -55.70619
-38.169582 -30.905436
-28.250597 31.17817
61.67609 -34.174175
18.446724 -65.54486
-50.352573 -47.39459
-7.4894805 -12.267282
-43.293255 -13.237269
-13.212954 -75.94034
14.468445 15.788035
51.31754 -40.13192
29.691128 -7.9531355
-25.21293 -18.091408
43.11016 53.18071
-37.969624 25.956133
3.76159 -2.2882938
59.074314 47.419556
41.891727 42.22591
12.365645 -16.834272
34.079926 23.76786
69.08663 12.705247
-48.429794 31.19438
37.043026 45.75208
74.501465 40.102837
-6.339635 70.82403
29.906721 -45.039497
8.572643 31.81744
-43.084988 -38.946857
30.945728 66.3627
27.466011 81.54467
-64.85799 -38.508507
66.80573 -6.577702
65.278854 -18.909714
11.520273 -63.420643
-3.6748657 57.67157
-34.2489 -48.994297
-35.089798 -11.451084
-79.67587 14.602083
16.778236 0.32709298
-14.941502 67.94315
-23.765064 71.5565
28.622057 -64.97688
-26.798845 -44.315533
-50.209625 -20.745218
-66.42687 3.657453
48.091885 -34.019447
-74.58298 20.154522
29.515999 -21.757135
24.352535 56.17532
-56.772457 14.248241
-81.58564 34.158283
53.200813 15.490729
39.725597 69.042046
-45.78559 -56.747437
-82.68172 20.116894
78.28378 56.52398
69.82612 22.189602
22.71971 -10.711397
71.0079 -18.684633
75.445335 -8.470666
-44.12696 71.18413
-23.246634 -77.12245
29.598394 -32.012363
86.928024 -0.22937337
59.230743 -21.791246
-62.256786 41.362682
-6.753267 -84.645035
-45.94574 40.094234
-45.955933 55.862095
3.4397073 68.12775
-23.892174 64.35557
49.23388 61.352276
-12.958526 -52.231594
-19.337921 31.670261
70.82914 -38.289253
66.0947 51.720078
15.013957 -86.15273
50.965046 -51.37429
-8.785415 63.23534
56.5369 -54.66457
-19.47894 -89.61162
-78.27108 7.727096
-25.560698 -59.06339
69.234985 36.072083
-38.924854 66.172455
