NODES 195
EDGES 387
0 1
0 2
1 2
3 1
3 2
4 1
4 2
5 0
5 2
6 0
6 4
7 0
7 5
8 0
8 4
9 2
9 4
10 0
10 7
11 8
11 4
12 0
12 4
13 0
13 4
14 1
14 2
15 9
15 3
16 9
16 7
17 1
17 4
18 2
18 4
19 8
19 7
20 8
20 2
21 1
21 10
22 8
22 14
23 0
23 2
24 0
24 5
25 1
25 14
26 17
26 13
27 9
27 2
28 25
28 15
29 28
29 5
30 0
30 20
31 0
31 14
32 20
32 5
33 30
33 15
34 1
34 22
35 0
35 4
36 1
36 10
37 33
37 4
38 4
38 30
39 25
39 14
40 2
40 13
41 0
41 4
42 38
42 7
43 2
43 12
44 2
44 4
45 4
45 37
46 2
46 45
47 18
47 11
48 3
48 4
49 2
49 46
50 16
50 9
51 40
51 4
52 1
52 15
53 48
53 5
54 44
54 22
55 25
55 37
56 51
56 45
57 23
57 7
58 8
58 45
59 30
59 7
60 0
60 5
61 2
61 27
62 4
62 14
63 49
63 1
64 52
64 14
65 2
65 22
66 0
66 45
67 3
67 15
68 8
68 5
69 43
69 36
70 4
70 13
71 4
71 14
72 8
72 67
73 16
73 2
74 73
74 51
75 65
75 37
76 2
76 30
77 4
77 37
78 4
78 31
79 45
79 15
80 73
80 49
81 8
81 4
82 0
82 38
83 0
83 34
84 5
84 23
85 35
85 22
86 79
86 7
87 8
87 3
88 2
88 7
89 59
89 28
90 40
90 39
91 1
91 15
92 4
92 45
93 19
93 63
94 16
94 37
95 19
95 12
96 72
96 25
97 16
97 90
98 25
98 4
99 19
99 30
100 16
100 91
101 50
101 19
102 30
102 23
103 93
103 79
104 16
104 36
105 45
105 37
106 46
106 14
107 14
107 7
108 10
108 69
109 4
109 23
110 82
110 103
111 0
111 106
112 8
112 50
113 5
113 102
114 0
114 3
115 24
115 9
116 62
116 7
117 73
117 77
118 51
118 4
119 12
119 23
120 63
120 71
121 35
121 4
122 10
122 70
123 4
123 23
124 37
124 5
125 24
125 2
126 71
126 23
127 41
127 68
128 4
128 5
129 83
129 77
130 2
130 4
131 4
131 45
132 2
132 36
133 41
133 27
134 117
134 7
135 15
135 23
136 97
136 4
137 1
137 4
138 96
138 60
139 4
139 63
140 10
140 23
141 13
141 46
142 105
142 19
143 46
143 22
144 10
144 11
145 18
145 23
146 9
146 4
147 4
147 141
148 138
148 123
149 8
149 2
150 23
150 7
151 34
151 3
152 120
152 62
153 152
153 39
154 16
154 23
155 10
155 28
156 60
156 39
157 34
157 117
158 50
158 58
159 28
159 5
160 32
160 2
161 20
161 22
162 25
162 28
163 121
163 7
164 22
164 135
165 96
165 15
166 8
166 7
167 2
167 27
168 67
168 134
169 0
169 52
170 0
170 102
171 117
171 7
172 2
172 117
173 9
173 10
174 123
174 22
175 82
175 60
176 165
176 7
177 16
177 60
178 0
178 14
179 8
179 4
180 2
180 15
181 104
181 1
182 25
182 31
183 9
183 38
184 102
184 14
185 156
185 108
186 41
186 34
187 40
187 145
188 111
188 103
189 21
189 22
190 8
190 78
191 71
191 119
192 147
192 117
193 114
193 118
194 49
194 100
POSITIONS
19.423065 -13.02928
14.008508 22.425882
-26.854992 -2.4725788
-27.798227 -42.65215
-23.885008 34.677193
11.826476 -80.713264
-3.9673455 13.609733
27.230598 -41.381126
-23.62078 -23.435701
-42.328167 -36.834568
67.32483 7.4168715
2.8411894 37.80482
29.028496 35.041718
-24.417059 80.04592
66.1272 26.415773
16.11041 -54.6116
-44.913544 -2.601983
-15.868291 68.82204
-11.820791 59.123352
-7.121861 -21.102772
-11.82898 -49.075523
49.90455 47.817966
4.9487467 53.91175
48.307117 7.8047576
-15.061605 -75.28243
75.97591 -23.400179
-25.17603 99.15799
-75.0956 -49.376022
75.02496 -87.1121
48.486782 -106.189804
21.05231 -70.09524
65.36428 -2.3998432
-13.001575 -88.395676
-14.137903 -60.628456
-68.09964 4.2987423
1.3948193 43.86355
42.978207 25.341915
-64.39961 -8.329688
29.288023 -56.99597
93.04685 42.9068
-31.661137 88.543686
-58.274517 -43.45978
39.525845 -67.63854
36.289032 31.666182
-30.467594 50.97366
-63.49538 34.079662
-36.159973 72.477905
-2.3206685 68.94444
-34.534405 -46.555283
-51.36083 69.30951
-82.82762 -40.399822
-76.70931 77.74617
51.499565 -16.671875
-19.046913 -88.84434
-13.543404 74.10433
6.246214 -23.43897
-89.038895 70.578384
55.511692 -24.026802
-84.5372 -11.118935
48.60193 -90.897675
73.347015 -48.257763
-71.26274 -39.600933
59.002808 54.979267
21.43283 80.1043
81.596306 3.6696959
-45.44986 31.973877
-34.66944 16.943546
-8.059292 -85.19885
-31.221786 -82.11062
83.15293 35.49371
-3.0617387 78.17517
62.504524 74.61815
25.470922 -78.263725
-91.98154 29.28086
-103.82155 64.67131
-74.52573 17.372585
-4.3070083 -53.9443
-93.31961 5.429586
20.554453 8.53387
32.33186 -16.545553
-91.189064 60.19292
-30.221094 11.796921
79.76733 -45.19946
-69.51064 -13.726279
43.131435 -51.313053
8.046354 68.597115
43.563953 -38.579487
-34.60933 -51.732407
0.81740046 -32.156906
72.594955 -107.67648
12.536333 86.75437
-8.79119 -1.723669
-61.59013 47.78294
45.21729 36.114246
-77.053825 -10.270483
19.137436 12.645084
81.180664 -69.111534
-33.45312 63.66623
34.292137 7.731273
5.7537365 -63.993492
-54.928932 25.840668
-61.43448 -39.93864
61.392822 -55.508152
91.8639 8.79905
0.82515377 23.114803
-82.51886 13.220518
45.298275 60.33675
64.63966 -12.666878
114.37264 23.096045
19.011736 34.728107
107.75213 -22.78895
74.09915 35.700294
-69.16764 -45.652622
42.455112 -89.2098
-42.346798 -14.46826
-40.859566 -77.406136
57.322372 12.64231
-104.25435 -3.45694
-75.68573 58.03226
66.89093 56.1034
66.625244 98.61536
-3.1946583 33.67529
38.647453 59.69875
55.05794 36.011803
-39.03311 -64.605705
-30.721048 -58.436035
74.43255 56.353035
-58.27801 -82.5681
-8.38646 -33.795753
-104.93735 -10.826537
-40.112934 23.070015
-57.177666 48.79954
8.853415 12.180941
-84.91072 -63.134747
-52.656086 -62.15169
43.379154 -5.0932884
-42.181984 64.83268
-7.4392915 44.348293
104.49733 -48.72155
0.5285334 83.01666
80.04732 10.910839
-56.880222 91.5949
-60.97177 0.42220002
-16.942001 87.60084
48.466213 32.164886
14.338061 75.49054
-50.490498 3.6200457
-79.45004 67.98261
102.52649 -7.5447936
-37.816376 -21.419506
52.500156 -27.454336
-66.35005 -26.895988
89.80952 91.16582
107.1925 78.81299
2.5826817 3.9383419
90.2536 -50.42892
119.834656 2.82832
-111.67594 1.996004
-105.596275 -33.393806
52.874466 -104.57263
-28.272581 -66.182816
-0.9033873 0.9420369
93.76761 -69.65517
15.662 -1.3433845
34.510532 40.19283
63.08492 -81.138176
2.5354648 -45.310646
-70.84586 -34.792377
-41.14589 -93.47699
46.810574 -23.107162
54.013397 -46.86139
-54.269485 -30.521511
-88.11107 -3.7591634
15.269222 -24.973782
40.56539 65.557365
96.046 -58.64449
56.851887 -76.54072
15.790116 -36.13542
60.983112 11.743871
-36.28837 10.480716
-7.419068 -41.139935
10.046073 33.35642
93.44855 -16.721094
-10.363787 -67.207695
85.90906 -20.14461
136.52794 14.666548
-86.07659 -27.796621
-8.732543 105.55061
104.21725 28.952438
36.174885 71.951935
-0.22667207 -8.5983515
78.65592 81.708855
-112.67228 39.47471
-79.464134 30.282722
-67.732796 63.372963
