NODES 120
EDGES 354
0 1
0 2
0 3
1 2
1 3
2 3
4 0
4 1
4 2
5 0
5 1
5 4
6 0
6 2
6 4
7 0
7 3
7 4
8 2
8 3
8 4
9 2
9 4
9 7
10 1
10 3
10 4
11 0
11 1
11 4
12 2
12 3
12 4
13 1
13 3
13 6
14 2
14 3
14 7
15 1
15 2
15 7
16 0
16 12
16 5
17 0
17 12
17 4
18 8
18 3
18 13
19 0
19 17
19 2
20 8
20 3
20 4
21 10
21 11
21 6
22 8
22 0
22 14
23 1
23 4
23 5
24 3
24 13
24 15
25 21
25 3
25 5
26 24
26 6
26 22
27 2
27 10
27 12
28 17
28 2
28 3
29 3
29 20
29 13
30 0
30 3
30 7
31 27
31 29
31 15
32 25
32 10
32 15
33 0
33 1
33 25
34 11
34 6
34 22
35 0
35 17
35 12
36 16
36 4
36 14
37 1
37 2
37 11
38 0
38 1
38 31
39 33
39 2
39 30
40 0
40 15
40 7
41 2
41 3
41 15
42 17
42 35
42 29
43 17
43 38
43 39
44 28
44 14
44 31
45 27
45 18
45 3
46 3
46 30
46 22
47 2
47 6
47 23
48 0
48 33
48 5
49 40
49 16
49 33
50 1
50 26
50 15
51 0
51 19
51 39
52 11
52 19
52 7
53 0
53 16
53 6
54 52
54 53
54 14
55 33
55 5
55 39
56 1
56 51
56 29
57 12
57 5
57 47
58 5
58 22
58 14
59 0
59 42
59 19
60 0
60 37
60 39
61 20
61 5
61 39
62 1
62 11
62 30
63 1
63 12
63 20
64 18
64 4
64 14
65 4
65 5
65 23
66 19
66 21
66 22
67 2
67 3
67 14
68 3
68 29
68 6
69 1
69 26
69 4
70 57
70 36
70 69
71 1
71 28
71 5
72 35
72 38
72 7
73 16
73 2
73 15
74 2
74 58
74 30
75 56
75 17
75 57
76 11
76 3
76 28
77 20
77 70
77 47
78 37
78 70
78 15
79 35
79 44
79 7
80 8
80 56
80 5
81 8
81 59
81 5
82 35
82 5
82 78
83 67
83 4
83 14
84 75
84 14
84 15
85 0
85 11
85 7
86 1
86 3
86 60
87 65
87 17
87 26
88 33
88 29
88 69
89 2
89 28
89 38
90 0
90 3
90 21
91 26
91 67
91 30
92 11
92 36
92 20
93 58
93 82
93 30
94 2
94 77
94 15
95 10
95 4
95 85
96 25
96 3
96 9
97 2
97 26
97 20
98 2
98 52
98 20
99 94
99 12
99 14
100 67
100 37
100 79
101 3
101 15
101 55
102 8
102 57
102 85
103 64
103 1
103 11
104 89
104 76
104 7
105 13
105 35
105 77
106 16
106 74
106 83
107 8
107 2
107 3
108 32
108 65
108 29
109 57
109 27
109 86
110 94
110 59
110 46
111 0
111 3
111 30
112 0
112 33
112 95
113 4
113 85
113 76
114 91
114 14
114 7
115 35
115 21
115 39
116 41
116 52
116 30
117 32
117 1
117 29
118 106
118 11
118 117
119 81
119 15
119 55
POSITIONS
-5.749916 14.274479
-36.077103 12.639989
31.030884 -4.775949
19.404114 32.459827
-18.320543 -3.0362701
-24.109219 15.2197275
-31.877409 -19.73405
48.77351 12.8182
7.9360943 16.157162
33.82421 38.913372
-28.911959 48.441326
-30.172737 23.844555
15.447297 -33.52771
-27.744856 -6.3891582
57.355995 -31.654215
14.29568 5.1171536
-5.4518 -27.838291
-13.698099 -45.51837
16.656017 46.336227
0.7547118 -24.417242
-10.845237 -18.938732
-36.107628 43.616245
14.322212 -22.10339
-51.90863 -17.730755
-2.8462768 -5.59829
-30.051214 64.77876
-23.772837 -42.507862
33.79482 28.288105
21.833654 -10.651414
-57.7987 -3.2836196
58.461014 26.044025
23.724497 3.0911076
-61.633938 38.5277
-45.638447 58.947025
-38.91418 -16.192257
23.685194 -41.570015
-1.3849978 -56.681534
28.199755 15.675895
11.514385 -8.397608
-2.101906 49.818676
6.6202335 35.323586
54.343697 32.173912
-29.684933 -52.05871
-4.106658 -9.206206
68.13698 -25.941635
38.056732 58.20385
49.54258 -10.815733
-16.720306 -55.74472
-42.093674 48.697746
-35.13193 37.697376
-32.484005 -26.015541
-36.541748 -1.7475553
52.664265 -0.3068009
5.238742 -35.886425
56.687813 -42.395054
-17.598394 73.21379
-59.957478 -22.340372
-1.641453 -46.70385
55.234074 -16.86998
-10.748493 -33.5294
16.08189 58.089706
-18.414822 31.539827
-5.35492 41.697685
-21.509144 -27.669685
8.324776 24.192217
-70.000305 -14.895911
-19.017908 -13.723309
73.965775 -12.661823
-49.329174 5.862051
-49.885715 -33.774017
-5.835282 -72.15765
-22.94376 6.7198014
41.983063 -27.79344
23.533218 -21.46946
61.58172 -14.854395
-21.583094 -65.683235
-4.3151093 27.962006
4.9976916 -76.68198
32.738407 -33.515114
80.00915 -23.54333
-44.151314 1.9394135
-12.680223 34.59441
43.753685 -23.892183
45.674488 -41.12172
24.966494 -54.439545
-22.139458 38.51967
20.073368 54.272167
-53.77035 -51.233555
-74.80567 7.9515615
38.80376 -14.072251
-12.093422 54.704185
68.63965 -11.186569
-31.986553 -34.97233
76.761986 -0.23682334
39.14923 -59.166286
-50.760666 50.11131
13.308082 71.61837
-2.413614 -40.536827
43.81184 -9.494684
52.25366 -61.422516
86.35217 -4.9947553
8.409021 63.07257
-3.0607548 1.032356
-36.995617 33.4118
39.18053 10.74645
3.6708324 -65.59038
15.829446 -45.794136
40.137276 31.954672
-86.66282 9.131017
36.886406 22.515968
33.70915 -58.21843
42.024174 45.034775
-54.112747 60.55842
-41.873055 30.459528
84.26373 -13.641177
-4.772843 35.46251
77.461754 28.9853
-74.4251 14.997945
-54.85885 -9.818092
-6.330618 64.30054
