NODES 165
EDGES 650
0 1
0 2
0 3
0 4
1 2
1 3
1 4
2 3
2 4
3 4
5 0
5 2
5 3
5 4
6 1
6 2
6 3
6 4
7 0
7 1
7 2
7 5
8 0
8 5
8 6
8 7
9 2
9 3
9 4
9 6
10 0
10 3
10 5
10 6
11 0
11 3
11 5
11 6
12 0
12 1
12 2
12 7
13 8
13 11
13 5
13 6
14 0
14 1
14 6
14 7
15 1
15 4
15 5
15 7
16 1
16 10
16 2
16 14
17 0
17 2
17 10
17 13
18 16
18 4
18 14
18 7
19 0
19 1
19 10
19 6
20 1
20 10
20 19
20 13
21 9
21 2
21 1
21 6
22 18
22 10
22 20
22 21
23 2
23 20
23 5
23 7
24 0
24 11
24 4
24 22
25 0
25 18
25 10
25 6
26 1
26 19
26 6
26 23
27 24
27 17
27 21
27 0
28 10
28 3
28 12
28 13
29 16
29 9
29 4
29 13
30 0
30 17
30 5
30 8
31 27
31 25
31 3
31 6
32 1
32 19
32 13
32 15
33 0
33 2
33 11
33 4
34 2
34 20
34 4
34 15
35 0
35 1
35 3
35 14
36 0
36 2
36 4
36 15
37 0
37 3
37 36
37 31
38 0
38 2
38 37
38 5
39 17
39 2
39 3
39 6
40 0
40 3
40 4
40 21
41 17
41 18
41 4
41 37
42 0
42 36
42 6
42 39
43 42
43 2
43 38
43 39
44 11
44 4
44 5
44 38
45 16
45 9
45 13
45 0
46 38
46 33
46 40
46 6
47 32
47 35
47 3
47 6
48 2
48 44
48 30
48 31
49 3
49 13
49 38
49 14
50 33
50 4
50 9
50 47
51 16
51 25
51 50
51 5
52 8
52 40
52 32
52 3
53 8
53 9
53 6
53 1
54 33
54 43
54 37
54 6
55 38
55 1
55 46
55 14
56 0
56 20
56 5
56 38
57 0
57 2
57 19
57 5
58 27
58 4
58 30
58 52
59 35
59 58
59 3
59 6
60 40
60 33
60 53
60 15
61 10
61 51
61 28
61 39
62 59
62 15
62 38
62 6
63 8
63 49
63 62
63 39
64 9
64 35
64 54
64 22
65 3
65 23
65 15
65 63
66 56
66 25
66 3
66 38
67 1
67 7
67 30
67 57
68 32
68 4
68 36
68 47
69 9
69 35
69 29
69 39
70 40
70 58
70 52
70 62
71 9
71 42
71 10
71 39
72 0
72 56
72 61
72 6
73 0
73 1
73 58
73 69
74 0
74 41
74 18
74 15
75 56
75 57
75 45
75 5
76 32
76 57
76 38
76 0
77 73
77 42
77 2
77 51
78 18
78 51
78 69
78 61
79 1
79 50
79 10
79 5
80 64
80 0
80 27
80 55
81 25
81 61
81 9
81 79
82 0
82 11
82 20
82 52
83 0
83 25
83 50
83 60
84 16
84 57
84 50
84 83
85 56
85 13
85 53
85 15
86 81
86 15
86 38
86 6
87 49
87 66
87 22
87 30
88 1
88 29
88 53
88 78
89 1
89 4
89 21
89 57
90 1
90 12
90 53
90 39
91 16
91 85
91 53
91 22
92 34
92 14
92 54
92 7
93 2
93 11
93 53
93 6
94 50
94 27
94 68
94 7
95 9
95 83
95 1
95 7
96 80
96 66
96 4
96 93
97 17
97 3
97 94
97 41
98 0
98 2
98 91
98 22
99 8
99 27
99 4
99 54
100 0
100 32
100 51
100 6
101 1
101 82
101 4
101 13
102 16
102 78
102 5
102 22
103 33
103 2
103 19
103 6
104 24
104 4
104 5
104 94
105 1
105 18
105 51
105 14
106 18
106 3
106 55
106 47
107 0
107 57
107 72
107 30
108 4
108 84
108 6
108 14
109 7
109 28
109 6
109 15
110 106
110 19
110 44
110 74
111 0
111 43
111 6
111 7
112 67
112 66
112 2
112 94
113 56
113 98
113 75
113 101
114 104
114 89
114 9
114 47
115 16
115 30
115 38
115 47
116 65
116 89
116 58
116 1
117 8
117 17
117 2
117 44
118 57
118 4
118 117
118 79
119 82
119 4
119 77
119 30
120 110
120 4
120 45
120 14
121 16
121 97
121 82
121 10
122 19
122 99
122 4
122 103
123 88
123 62
123 106
123 54
124 121
124 3
124 68
124 119
125 16
125 17
125 68
125 63
126 120
126 121
126 0
126 31
127 82
127 4
127 15
127 71
128 120
128 19
128 11
128 78
129 11
129 20
129 101
129 39
130 8
130 98
130 118
130 6
131 1
131 13
131 68
131 61
132 57
132 50
132 53
132 97
133 3
133 4
133 117
133 54
134 19
134 1
134 10
134 11
135 85
135 44
135 109
135 30
136 32
136 120
136 14
136 39
137 106
137 2
137 61
137 71
138 33
138 51
138 109
138 6
139 0
139 66
139 90
139 109
140 89
140 106
140 19
140 30
141 44
141 6
141 70
141 7
142 62
142 51
142 53
142 110
143 1
143 66
143 3
143 5
144 57
144 138
144 139
144 41
145 57
145 123
145 105
145 87
146 89
146 12
146 85
146 6
147 17
147 3
147 53
147 7
148 82
148 4
148 14
148 7
149 0
149 138
149 3
149 15
150 121
150 18
150 51
150 25
151 1
151 91
151 19
151 133
152 0
152 115
152 80
152 15
153 16
153 25
153 22
153 55
154 106
154 67
154 21
154 98
155 8
155 3
155 18
155 99
156 0
156 121
156 10
156 3
157 89
157 25
157 34
157 59
158 24
158 3
158 110
158 7
159 0
159 150
159 109
159 110
160 120
160 106
160 91
160 37
161 40
161 1
161 2
161 29
162 64
162 153
162 35
162 15
163 85
163 37
163 20
163 4
164 0
164 35
164 4
164 77
POSITIONS
11.693194 -6.5305557
-6.850194 16.327662
26.089039 2.4789352
17.47451 18.223948
9.280892 44.1586
0.7415126 -44.705887
40.76721 -0.14613906
-1.7830968 -1.7103406
50.88523 -21.390291
-10.064067 52.51141
-21.97275 -15.564454
22.680088 -25.71682
22.621252 -45.38624
36.67245 -46.521168
-25.916073 30.621891
54.987854 13.255863
-55.532223 14.263194
-0.2716202 -17.689022
-68.97757 -3.5214887
-26.10733 6.9423966
4.6963286 -30.66481
-27.61465 41.27658
-76.43027 -7.9230027
33.276333 -30.174898
-40.572403 32.68813
-48.88892 4.941652
3.8473394 -12.244291
-16.333124 65.0998
39.241707 -66.47845
-12.711161 38.755722
12.472166 -46.28684
-34.014572 10.711795
54.42776 25.373127
36.882294 38.56698
16.652697 61.476227
17.91114 84
52.45562 35.303074
-16.857264 5.3618817
50.462986 -33.3188
78.56756 -10.703772
53.702526 57.216732
-55.784386 -15.03366
92.490814 13.986903
89.59287 3.9424098
26.039911 -65.304245
-38.77901 -26.805025
54.90824 42.637966
1.528828 71.968666
5.3406086 -58.858208
49.644356 -45.435066
-49.494114 56.058903
-29.830145 -38.595707
87.11098 39.668297
-13.115888 -32.819492
25.251562 63.250996
-21.93587 52.049244
1.6506402 -89.369156
-37.014275 -50.431496
72.29723 59.146282
59.467102 63.483315
33.43159 55.389336
23.01103 -56.034916
71.763565 -13.299275
93.82794 -17.170263
-17.318756 93.449684
81.51546 13.744054
-10.771772 -62.907803
-49.089252 -43.93445
37.87897 70.79824
29.289698 48.464283
103.37346 30.465183
71.48207 16.39436
25.786865 -79.55558
64.421906 49.029987
-48.43403 -23.413822
-31.443262 -91.58188
43.713135 -39.446804
74.453896 32.69175
-55.18663 -35.722626
-37.66437 -2.8835876
-1.1055468 82.29024
-12.730013 -3.6286893
44.60101 19.673786
-47.800114 66.43263
-73.848045 45.520576
-5.389614 -74.75528
63.38043 -12.852001
-31.609447 -76.04106
-45.2859 -15.341294
-32.50958 49.813885
34.554173 -62.404274
-82.77802 -30.950382
-3.8506274 68.78542
43.162125 -13.20406
-53.75342 52.718315
-33.413864 65.76055
20.83323 31.321087
-70.63672 26.415854
-52.522354 -56.64807
20.331974 75.81915
41.486862 -18.603855
32.927456 -38.686436
-77.10326 -38.006733
25.981138 50.53122
-42.240467 61.512775
-67.714325 -27.24441
-66.05268 12.327283
5.3561087 -79.05635
-28.680523 59.5143
38.36686 -77.15985
-62.53082 -44.94412
67.23971 -2.4078307
-45.922653 -30.400812
-20.959871 -100.80051
-35.8416 89.76689
8.14932 24.959698
47.524403 63.524704
34.33699 -25.104794
-15.819951 -28.618084
62.183098 40.089893
-71.719734 5.8107066
-59.262806 31.966703
8.28557 82.45317
-33.602165 -18.798788
27.95106 75.284065
35.777878 27.86774
-75.13319 19.876572
76.60167 40.05525
-60.62776 -24.545107
64.28267 -49.569073
10.077262 -60.277935
54.1454 -7.3522654
-81.64483 4.3262663
14.599581 53.60372
-26.77578 -7.4319153
26.43051 -98.98989
25.4964 27.407068
29.911259 -16.28899
46.775166 -58.367275
16.919853 -91.96457
-55.718044 21.192978
75.77339 -27.23042
-21.961298 -62.969048
-9.603657 -49.495174
-14.980047 -86.87692
-64.68723 -69.45891
-6.7832313 -43.356606
-6.8013625 -24.151865
-1.7063798 41.539806
65.61312 -24.876017
-78.00612 -27.751875
-49.89823 29.105415
39.25785 51.951065
-69.49716 52.610924
-85.00166 -19.478033
3.1186507 32.015667
-34.35094 18.514069
-12.157955 78.94728
-46.18329 -4.4200215
-40.60313 -68.776596
-95.35091 -2.2660115
12.673236 59.105362
-6.580285 96.67121
-20.891453 -32.204556
50.632744 70.728745
