NODES 195
EDGES 387
0 1
0 2
1 2
3 0
3 1
4 0
4 3
5 2
5 3
6 0
6 3
7 0
7 3
8 2
8 7
9 8
9 0
10 1
10 6
11 0
11 3
12 2
12 7
13 2
13 3
14 9
14 3
15 0
15 6
16 3
16 7
17 1
17 7
18 0
18 9
19 0
19 3
20 2
20 7
21 13
21 7
22 10
22 11
23 10
23 3
24 12
24 7
25 0
25 3
26 0
26 1
27 11
27 7
28 25
28 23
29 9
29 10
30 1
30 23
31 3
31 7
32 25
32 4
33 11
33 14
34 7
34 31
35 3
35 28
36 1
36 25
37 1
37 25
38 9
38 37
39 9
39 15
40 36
40 29
41 9
41 34
42 16
42 7
43 0
43 36
44 29
44 7
45 4
45 22
46 0
46 34
47 0
47 33
48 37
48 13
49 10
49 7
50 24
50 2
51 3
51 22
52 4
52 7
53 8
53 15
54 5
54 37
55 4
55 15
56 8
56 0
57 2
57 7
58 4
58 23
59 57
59 37
60 5
60 30
61 18
61 12
62 44
62 14
63 9
63 7
64 2
64 35
65 3
65 37
66 12
66 60
67 10
67 38
68 0
68 3
69 50
69 28
70 3
70 20
71 17
71 45
72 20
72 28
73 11
73 4
74 43
74 7
75 23
75 7
76 8
76 49
77 14
77 7
78 60
78 45
79 1
79 78
80 51
80 68
81 0
81 74
82 9
82 37
83 1
83 68
84 66
84 34
85 48
85 5
86 5
86 30
87 73
87 7
88 51
88 14
89 9
89 18
90 38
90 6
91 81
91 36
92 73
92 1
93 2
93 58
94 73
94 9
95 1
95 85
96 18
96 84
97 33
97 42
98 29
98 7
99 37
99 15
100 67
100 63
101 2
101 7
102 0
102 6
103 11
103 45
104 81
104 69
105 81
105 23
106 1
106 23
107 36
107 7
108 0
108 10
109 1
109 3
110 37
110 7
111 93
111 85
112 63
112 95
113 49
113 7
114 6
114 22
115 60
115 85
116 95
116 79
117 42
117 19
118 28
118 47
119 58
119 10
120 92
120 45
121 97
121 11
122 64
122 43
123 3
123 35
124 2
124 85
125 113
125 14
126 57
126 63
127 49
127 12
128 113
128 110
129 0
129 5
130 85
130 118
131 126
131 54
132 1
132 3
133 81
133 38
134 85
134 7
135 18
135 71
136 24
136 92
137 50
137 92
138 32
138 24
139 45
139 7
140 51
140 71
141 64
141 44
142 97
142 118
143 25
143 9
144 97
144 23
145 4
145 22
146 51
146 12
147 51
147 93
148 123
148 124
149 3
149 5
150 98
150 85
151 1
151 137
152 104
152 61
153 89
153 7
154 82
154 127
155 18
155 15
156 3
156 7
157 25
157 22
158 41
158 138
159 11
159 60
160 145
160 51
161 24
161 10
162 3
162 78
163 35
163 3
164 1
164 3
165 60
165 127
166 30
166 15
167 12
167 127
168 112
168 140
169 9
169 127
170 98
170 77
171 120
171 2
172 27
172 109
173 78
173 15
174 76
174 15
175 0
175 3
176 60
176 142
177 18
177 155
178 113
178 124
179 2
179 12
180 131
180 14
181 2
181 30
182 60
182 85
183 0
183 139
184 70
184 23
185 1
185 37
186 162
186 12
187 172
187 92
188 4
188 15
189 72
189 51
190 126
190 23
191 1
191 130
192 74
192 36
193 92
193 85
194 148
194 37
POSITIONS
-38.00708 -16.032232
-25.245739 49.730206
32.17466 15.065183
-31.266714 21.33389
-5.9985547 5.0725837
35.264904 48.349964
-30.299417 -33.14368
-12.511579 -35.844448
25.909645 -60.527252
6.0740294 -90.22742
-6.279918 -23.406782
-48.046272 54.192844
80.69131 -22.15993
15.584854 16.042915
-0.9749074 -58.7946
44.16543 -44.45023
-57.02803 0.31700614
9.88925 9.343782
50.164986 -99.52917
-75.06714 6.2502403
25.450157 24.20139
6.9757485 -19.510996
-7.161369 36.10404
1.824374 24.963984
11.855445 -15.757089
-51.710583 -10.007316
-51.387173 24.61209
-70.58236 36.54207
-17.777967 58.257607
-45.64769 -79.46911
50.905514 49.467175
-25.87124 -47.992558
-41.856403 -37.21501
-42.31567 42.87395
-6.0632434 -86.31539
-65.819275 45.741352
-93.4749 -34.062607
7.263788 -10.280373
-30.077452 -86.9425
29.450066 -88.52658
-87.06159 -70.54549
-9.958809 -117.56244
-71.53067 16.52203
-102.59051 -33.941467
-60.250374 -75.75428
5.12866 57.563713
-33.0212 -68.75969
-37.970913 62.28918
30.652554 38.548946
54.1536 -53.788982
2.064622 38.528767
62.087234 43.3304
-14.788706 -16.97443
47.983974 -67.11642
44.762554 -13.020004
28.685455 -25.15768
-9.809386 -55.549526
29.634964 -35.879364
38.35872 25.54038
24.558805 -30.959572
72.25009 75.097725
79.62256 -74.76488
-42.755978 -88.86688
25.45849 -68.223236
-78.377014 -2.1337864
-18.334238 5.8899527
91.494675 -11.567217
-16.550606 -91.15962
-37.978146 37.151592
-8.789393 20.545277
10.423273 33.501892
58.728027 15.559863
34.530453 64.341255
-56.898537 20.025145
-90.5358 -53.970913
-5.731682 -8.182851
66.03301 -72.96941
-19.207375 -80.280914
51.966084 70.97769
21.666552 97.04617
17.89355 58.444283
-72.226456 -57.593018
41.706997 -74.50785
-52.004948 61.754986
63.771954 -84.28985
43.15809 86.1636
60.41364 61.675404
-57.959023 -15.449219
48.193016 -9.042703
25.735664 -115.99956
-43.598583 -73.950264
-102.715996 -55.39615
-45.59635 89.17
76.13749 54.539764
-40.4709 -49.584377
33.42146 82.60472
70.14115 -109.79327
-47.60596 80.63206
-24.920128 -63.319622
38.62272 -32.846497
2.544772 -104.12249
21.514414 -13.634181
-53.131317 -36.108757
-27.28743 77.5378
-4.1488714 -48.219322
-55.451855 -25.58894
-11.280038 51.846004
-70.7478 -43.68544
-37.77268 -30.353249
-67.46879 61.834763
16.574131 -49.089924
75.24094 87.55022
72.09589 19.193838
45.309566 -55.16032
-24.150082 0.35720414
68.11584 100.72017
31.368032 111.61026
-95.41328 11.515871
-14.274317 107.44931
27.75564 -1.2996479
-11.873597 91.496925
-62.186543 84.39746
-112.181984 -18.257927
-44.16515 64.89199
44.068233 55.385666
28.650373 -76.51095
44.49772 -60.35995
100.4587 -48.20881
41.29504 -68.780945
-1.8748596 16.941832
5.8383136 119.80537
53.902733 -67.097115
-49.69012 46.400642
-66.37013 -89.35173
22.746853 35.792694
73.16191 -48.240433
-32.907005 52.072342
-35.35531 94.34651
-23.004951 -71.944145
-33.07075 4.324689
92.76664 36.2857
-87.54828 -46.459217
-4.955292 120.537544
-36.172478 -64.00187
-22.548382 72.78536
19.945116 47.037853
93.03475 12.529318
90.0553 59.136353
1.616603 74.00477
6.520598 50.10402
15.908429 8.986031
-42.95536 96.3659
56.224476 -73.027985
10.1891575 -100.37945
90.16738 -71.81459
64.52227 -103.76451
-27.78736 -8.539974
-47.081707 16.34112
-22.709324 -116.22639
14.860882 85.35694
55.08579 60.47086
9.121525 -29.198416
46.63459 40.66819
-73.347855 43.20508
-47.51078 43.09483
107.4911 15.400326
65.88207 2.1265378
110.7727 -39.174522
103.45847 33.103058
70.46113 -85.56595
-31.08725 -95.414825
13.185111 73.10023
-90.10756 75.702995
66.5649 14.508183
73.34712 -68.874626
-52.9926 5.1185575
42.529957 117.424
67.222626 -120.315475
62.095562 -3.1516383
76.02354 -4.6927447
34.219566 -84.70014
59.167187 34.92034
71.49308 97.82873
-60.29709 -7.938587
16.661346 35.108574
-15.361573 28.091663
83.72303 11.929594
-83.44963 97.06995
31.669163 -21.951616
68.30716 65.70618
38.769512 -22.125692
-17.856497 107.466576
-112.73032 -51.442307
-3.0367827 108.95398
5.193354 45.80998
