NODES 75
EDGES 219
0 1
0 2
0 3
1 2
1 3
2 3
4 0
4 1
4 2
5 0
5 1
5 4
6 0
6 2
6 5
7 0
7 4
7 6
8 0
8 1
8 2
9 4
9 6
9 7
10 0
10 4
10 6
11 0
11 2
11 3
12 0
12 1
12 11
13 0
13 4
13 6
14 0
14 9
14 10
15 2
15 6
15 14
16 1
16 2
16 13
17 2
17 4
17 6
18 10
18 5
18 6
19 17
19 2
19 3
20 0
20 11
20 14
21 17
21 2
21 6
22 0
22 4
22 6
23 9
23 6
23 7
24 2
24 11
24 4
25 0
25 16
25 9
26 1
26 4
26 6
27 11
27 6
27 15
28 9
28 6
28 15
29 0
29 9
29 6
30 0
30 9
30 4
31 9
31 2
31 6
32 19
32 14
32 15
33 10
33 5
33 29
34 1
34 4
34 21
35 17
35 4
35 14
36 32
36 9
36 7
37 0
37 13
37 7
38 0
38 1
38 4
39 32
39 2
39 38
40 8
40 0
40 4
41 9
41 28
41 4
42 38
42 6
42 7
43 28
43 29
43 6
44 3
44 11
44 38
45 2
45 43
45 13
46 44
46 4
46 23
47 42
47 43
47 31
48 0
48 34
48 3
49 40
49 17
49 26
50 0
50 1
50 4
51 0
51 50
51 2
52 17
52 18
52 27
53 40
53 17
53 45
54 38
54 32
54 46
55 5
55 21
55 46
56 41
56 54
56 9
57 13
57 4
57 29
58 33
58 4
58 1
59 2
59 18
59 6
60 1
60 34
60 51
61 1
61 59
61 12
62 0
62 19
62 14
63 9
63 34
63 6
64 0
64 19
64 62
65 0
65 9
65 52
66 64
66 4
66 22
67 0
67 4
67 38
68 24
68 25
68 54
69 17
69 39
69 47
70 33
70 3
70 12
71 32
71 2
71 38
72 34
72 62
72 6
73 0
73 29
73 22
74 59
74 27
74 31
POSITIONS
-10.236179 -12.28399
21.684444 36.813995
64.541176 42.212433
72.57309 -24.447691
-36.343693 6.2190948
47.195545 -45.384933
20.543184 -3.542559
15.309947 -79.225044
63.014275 85.30974
-81.36922 -82.47702
-10.141098 -99.42129
40.158073 62.936905
-99.87194 -36.936737
97.27774 18.332115
-114.94338 22.384554
-38.163616 -27.894571
63.399784 117.30192
-46.245945 76.7328
60.039333 -147.5119
-46.19532 110.93162
-65.93591 -54.445263
128.61873 57.963818
-73.497925 94.24129
-65.70985 -156.54292
132.6832 89.84331
-64.085464 -115.16829
102.37196 -36.103172
-0.012848352 84.84642
-126.86997 -76.13274
57.78315 3.914045
-152.72266 6.715443
51.98956 -77.02464
-45.002026 39.979107
-5.438395 -141.44463
136.75821 -8.521866
-188.87695 96.938614
-37.10252 -170.8824
160.01659 51.785336
-69.7323 -22.669968
77.36488 -56.08133
-11.687099 147.69313
-190.93214 -122.64768
129.00151 22.523489
-4.265735 116.56295
26.46779 -143.89314
93.230385 197.90367
-75.34611 -196.27885
202.62617 71.34585
82.17499 143.20251
-34.195152 -65.21334
94.757095 89.36867
-10.0632305 32.841103
105.69102 -90.65244
-19.077353 259.3096
-153.22906 -115.75255
163.66472 -129.98537
-261.04034 -101.21428
118.526474 -119.96543
28.566114 99.2426
-82.324844 53.57786
187.64342 -37.734512
-149.7264 123.47051
-185.75615 12.304893
161.82904 16.460613
-157.53172 90.498344
31.612064 -188.4688
-123.70063 186.04718
-159.22023 -47.095158
60.736988 -115.51951
56.368034 171.73915
-17.43489 -216.41267
112.19549 132.12839
-98.34422 -4.973281
129.38841 -53.242588
-85.517654 151.55621
