NODES 150
EDGES 297
0 1
0 2
1 2
3 0
3 1
4 0
4 2
5 0
5 1
6 0
6 2
7 1
7 3
8 0
8 1
9 2
9 6
10 2
10 7
11 3
11 7
12 0
12 3
13 0
13 4
14 9
14 2
15 12
15 13
16 2
16 6
17 0
17 6
18 17
18 7
19 0
19 2
20 0
20 4
21 0
21 1
22 0
22 2
23 8
23 0
24 9
24 21
25 1
25 9
26 17
26 21
27 0
27 2
28 17
28 7
29 21
29 13
30 4
30 28
31 9
31 11
32 8
32 19
33 2
33 7
34 5
34 6
35 1
35 21
36 1
36 9
37 0
37 19
38 0
38 21
39 17
39 37
40 2
40 3
41 2
41 30
42 24
42 13
43 2
43 7
44 36
44 13
45 24
45 2
46 19
46 11
47 0
47 36
48 20
48 45
49 0
49 20
50 2
50 3
51 20
51 6
52 24
52 25
53 9
53 20
54 25
54 2
55 0
55 7
56 20
56 22
57 9
57 2
58 19
58 4
59 0
59 7
60 41
60 49
61 59
61 12
62 8
62 9
63 45
63 31
64 0
64 4
65 36
65 4
66 8
66 5
67 50
67 11
68 0
68 2
69 19
69 4
70 32
70 47
71 4
71 55
72 19
72 36
73 0
73 47
74 3
74 15
75 0
75 61
76 2
76 55
77 52
77 13
78 5
78 21
79 61
79 69
80 11
80 22
81 0
81 11
82 67
82 79
83 33
83 10
84 10
84 20
85 2
85 58
86 0
86 14
87 32
87 19
88 75
88 4
89 4
89 5
90 81
90 55
91 56
91 9
92 73
92 9
93 2
93 20
94 8
94 20
95 75
95 12
96 4
96 31
97 0
97 95
98 91
98 54
99 0
99 96
100 2
100 31
101 24
101 20
102 20
102 23
103 8
103 57
104 24
104 0
105 19
105 11
106 11
106 7
107 97
107 90
108 53
108 5
109 49
109 91
110 3
110 19
111 0
111 7
112 0
112 78
113 67
113 7
114 0
114 109
115 42
115 87
116 18
116 13
117 113
117 20
118 90
118 67
119 9
119 90
120 90
120 15
121 98
121 53
122 0
122 65
123 0
123 50
124 12
124 31
125 39
125 95
126 0
126 118
127 1
127 29
128 0
128 22
129 41
129 118
130 88
130 77
131 20
131 69
132 3
132 131
133 80
133 20
134 3
134 95
135 2
135 99
136 8
136 18
137 16
137 20
138 8
138 0
139 44
139 118
140 90
140 7
141 75
141 21
142 17
142 3
143 57
143 20
144 107
144 85
145 21
145 103
146 97
146 4
147 0
147 111
148 144
148 67
149 21
149 87
POSITIONS
-9.266732 -3.7739885
-26.259441 -24.722565
37.03122 -1.18212
-1.7859665 58.658417
-23.380037 15.613466
-28.825089 -61.366726
18.698309 -27.999233
27.008541 53.279007
-7.103102 -59.526993
20.016901 -52.479973
74.563194 26.674643
46.083443 62.13652
-30.88042 65.91421
-72.59777 2.5226495
28.833664 -33.29435
-54.08326 73.58109
58.71027 -24.61034
-42.38334 21.135841
-34.65529 21.754793
-10.150906 18.728655
65.199425 -37.090416
-65.87801 -44.119183
54.272984 -14.634458
12.902544 -46.298965
-19.182495 -65.879906
-6.335335 -72.361786
-70.26274 -13.133427
17.080267 -8.063468
-16.778042 46.730923
-85.94864 -26.423517
-11.406306 36.14551
49.31598 16.33778
-38.441113 -44.89504
65.34335 38.308075
-7.4434104 -53.01073
-56.604443 -46.282494
-45.140915 -18.308298
-41.895927 30.432735
-51.764496 -28.444586
-69.077576 50.582523
29.147552 35.20738
24.761389 29.721249
-72.70539 -52.771873
46.6651 33.671444
-73.62129 21.463654
50.158024 -36.42385
33.19701 47.26321
-38.686497 -37.82875
76.65595 -46.373196
44.84081 -37.11322
30.594425 63.706795
53.31816 -44.740208
-48.671658 -70.53035
41.794724 -88.65892
33.902004 -75.35142
6.173889 49.072773
74.71797 -55.76514
34.359394 -63.357822
-7.7958302 40.275166
-10.049915 53.787956
46.983566 -8.966932
-31.49346 76.98108
9.502906 -74.76142
67.75738 -9.545998
-28.283087 4.397693
-51.58519 -2.1553109
-23.674187 -80.50756
36.37001 100.45505
17.470661 -3.731386
8.6860695 43.41008
-48.70713 -56.16835
-19.475368 39.97015
-39.722603 0.2900465
-20.556221 -46.41563
-35.87376 83.31395
-67.26161 39.42616
32.78059 27.77281
-93.11796 -28.087126
-58.353977 -63.483418
3.3165352 95.81753
80.384315 12.430528
15.55728 62.543728
25.046455 114.672844
87.44624 39.869747
88.677925 -4.871271
15.781177 68.774956
10.051081 -25.156311
-62.112812 -38.714954
-82.60619 21.103096
-36.829197 -29.13181
-2.6971111 86.74273
60.542812 -82.914825
2.272772 -66.911194
70.16264 -20.796934
40.208668 -61.93542
-64.51566 77.60827
19.623299 15.479626
-43.80888 67.71925
55.878395 -103.69503
18.002127 6.9559584
60.815224 9.712099
26.876581 -68.65536
51.36205 -54.553898
-7.0064235 -86.60545
-16.600906 -43.257675
26.873089 45.17303
49.913353 74.09607
-16.563744 107.30442
7.443926 -94.42867
55.07459 -69.01474
-8.585129 47.393963
9.784679 25.420546
-45.852844 -43.98777
63.07819 69.093285
31.131945 -46.971767
-83.03592 -59.70748
-68.05364 16.146324
83.697464 20.359678
-11.197133 92.85507
10.053818 19.721163
-36.328415 98.15147
54.236107 -112.65158
-43.84204 -4.4042854
15.685305 36.109245
13.479685 53.763927
-81.11718 75.026634
-18.514807 58.48181
-73.15584 -29.007202
28.973791 -15.5203285
6.809273 78.370316
-105.702065 -3.7639732
53.71598 24.868046
42.430504 50.499905
91.96081 -14.525602
-43.08023 85.47242
34.521793 9.140883
-20.152292 -26.538445
82.38033 -36.406727
-7.944701 -39.915012
-57.773785 66.19812
17.891975 87.92911
-85.79167 -2.083695
-32.003338 50.050148
63.95762 -63.587822
8.672245 116.49156
-44.89861 -83.10205
-46.854343 50.465435
3.2314234 12.085553
26.206879 125.54667
-82.005646 -51.476765
