NODES 165
EDGES 327
0 1
0 2
1 2
3 0
3 2
4 1
4 2
5 1
5 2
6 2
6 4
7 1
7 3
8 2
8 4
9 0
9 4
10 0
10 1
11 1
11 10
12 10
12 2
13 1
13 2
14 8
14 2
15 1
15 2
16 8
16 12
17 0
17 7
18 9
18 12
19 2
19 10
20 9
20 4
21 4
21 6
22 11
22 14
23 1
23 9
24 16
24 4
25 24
25 2
26 4
26 12
27 3
27 7
28 1
28 11
29 2
29 4
30 2
30 12
31 10
31 4
32 10
32 2
33 1
33 3
34 10
34 29
35 24
35 2
36 24
36 11
37 9
37 2
38 16
38 10
39 1
39 34
40 0
40 34
41 10
41 2
42 2
42 37
43 1
43 14
44 5
44 23
45 1
45 26
46 42
46 4
47 4
47 7
48 37
48 46
49 4
49 45
50 20
50 30
51 19
51 31
52 9
52 10
53 10
53 2
54 1
54 19
55 32
55 30
56 11
56 36
57 1
57 9
58 0
58 1
59 24
59 5
60 52
60 13
61 9
61 42
62 56
62 34
63 3
63 7
64 9
64 28
65 49
65 7
66 1
66 52
67 24
67 46
68 0
68 2
69 20
69 30
70 26
70 43
71 9
71 50
72 4
72 45
73 9
73 4
74 11
74 39
75 10
75 19
76 60
76 62
77 10
77 14
78 48
78 77
79 9
79 1
80 9
80 22
81 10
81 30
82 9
82 11
83 0
83 1
84 66
84 27
85 20
85 44
86 11
86 4
87 0
87 30
88 9
88 61
89 9
89 11
90 32
90 57
91 40
91 42
92 17
92 7
93 10
93 14
94 12
94 4
95 27
95 22
96 9
96 22
97 17
97 4
98 24
98 0
99 19
99 3
100 68
100 14
101 0
101 78
102 3
102 4
103 9
103 70
104 3
104 13
105 45
105 78
106 9
106 99
107 0
107 37
108 11
108 43
109 28
109 7
110 90
110 51
111 2
111 22
112 1
112 42
113 10
113 68
114 27
114 12
115 42
115 50
116 61
116 23
117 2
117 4
118 1
118 77
119 19
119 76
120 42
120 27
121 90
121 7
122 9
122 18
123 37
123 7
124 64
124 77
125 1
125 71
126 1
126 2
127 17
127 44
128 18
128 34
129 85
129 39
130 11
130 71
131 19
131 87
132 17
132 85
133 11
133 94
134 77
134 78
135 1
135 49
136 58
136 34
137 57
137 58
138 9
138 29
139 43
139 77
140 104
140 126
141 109
141 69
142 68
142 4
143 29
143 47
144 58
144 119
145 138
145 12
146 16
146 50
147 2
147 3
148 12
148 4
149 40
149 64
150 77
150 142
151 1
151 146
152 67
152 71
153 9
153 10
154 2
154 46
155 1
155 33
156 64
156 1
157 139
157 87
158 34
158 29
159 1
159 5
160 58
160 3
161 67
161 44
162 0
162 9
163 9
163 90
164 1
164 138
POSITIONS
-13.142451 -16.085308
8.032252 -4.5148745
-22.399214 16.885101
11.369769 66.95652
4.3652177 35.038647
25.849783 -43.13729
-19.919191 56.4237
56.438534 70.762375
-33.721416 5.289266
54.529686 -0.6933086
-50.50978 7.904939
34.97088 -45.165844
-0.34519958 47.56063
-35.69886 26.067814
-50.643845 -10.125124
-14.668841 2.8449636
-24.46716 -12.504971
85.39248 21.152666
41.953415 10.162956
-77.571236 32.04703
71.554825 0.7826216
-14.984154 67.79434
50.799557 14.756355
81.971306 -29.353918
-2.4962132 -57.47179
-23.295864 -33.31965
-14.906546 51.05365
67.55998 76.974174
43.38578 -28.065325
4.980088 12.548399
-21.308897 35.947464
-56.965073 49.052452
-45.578247 55.784103
21.423225 35.42037
-14.706729 -54.966015
-19.73763 -35.573345
13.536525 -82.825005
29.298275 -9.213387
-56.859962 -7.66024
34.76875 -68.00735
4.497007 -74.29674
-56.00557 23.365555
58.753414 -22.760876
-39.574337 -20.98647
91.56653 -56.32961
-34.95069 45.834
16.300213 -41.844276
35.884045 72.88235
-20.977589 -47.795197
-0.9502351 76.86421
52.10595 -20.971266
-77.517944 68.60641
-7.5198846 3.9391742
-50.65349 22.14423
-54.47453 19.252012
-48.837048 63.95284
2.310203 -89.87313
11.907879 18.117214
-35.187134 -31.794453
12.923569 -70.98374
-51.99149 -19.528374
95.82458 -18.063847
-34.388126 -84.61436
42.57008 89.46258
19.51993 -63.69656
32.907345 94.450516
31.12798 31.45038
46.436802 -84.99913
-70.01719 1.9274807
56.286945 39.013077
-7.0232983 21.224453
69.92378 -53.929565
-29.153273 58.968864
42.982914 26.190527
43.896633 -75.27127
-86.08286 26.046661
-70.263794 -59.409256
-82.72269 -38.683266
-79.792305 -51.389904
41.111176 -6.618834
73.24686 14.022865
-52.994267 33.951492
59.671806 -36.284298
-3.0723093 -21.342476
65.43906 66.67729
103.574875 -44.353252
25.944843 -4.0864716
-78.13929 10.967738
95.78097 -8.577261
63.153404 -33.11374
-9.947913 82.39133
41.858852 -65.48757
89.91658 55.941227
-68.81318 -6.971074
20.475782 40.693436
76.09923 58.643547
75.9775 9.406609
61.47464 36.142986
-16.978073 -60.29909
-23.065424 66.66024
-82.23905 -6.429277
-58.96319 -47.758827
10.761144 75.95621
34.94634 16.377655
-26.019463 78.92309
-77.06682 -8.779233
25.221529 47.65899
8.868333 -22.99321
-4.3198857 -46.909042
76.76816 39.417976
-55.80979 91.33389
22.36179 23.341675
42.324036 -20.752426
-84.19739 6.7205524
41.743675 81.78471
73.47936 -29.681194
109.49198 -29.919634
-14.493492 38.767677
-51.814243 -34.667446
-92.40975 -31.850735
83.47154 35.01336
25.431698 97.624344
67.00254 11.44319
58.805126 44.401455
-42.289135 -68.96257
52.235367 -44.019863
-25.60586 45.873608
105.61877 -25.100903
12.728992 -33.52741
81.51199 -72.022285
64.74634 -65.048546
-99.080086 25.66825
113.367226 -15.841643
36.20671 -0.76883096
-97.82826 -56.47434
-0.33217672 55.5182
-35.672478 -60.697243
-22.778046 -19.42225
41.372147 33.42995
-92.88268 -27.029879
-33.5748 84.7469
84.144455 49.9251
-70.93369 11.8992815
27.044016 62.692104
-76.138916 -43.888603
29.833046 58.09846
19.636797 -29.113861
-9.7167425 62.131226
1.1438684 62.228558
13.594469 -91.477066
-96.888016 -15.991797
18.075497 -24.630936
67.79187 -86.07981
1.3232423 5.2554955
-6.1573186 -26.583078
22.03545 18.335411
14.57955 -52.24615
-106.01859 -10.677393
-10.124467 -34.98794
22.026142 -36.05539
-13.171492 21.553682
79.596306 -87.55084
27.968647 -17.186333
33.54623 54.92586
33.594357 21.700905
