NODES 90
EDGES 264
0 1
0 2
0 3
1 2
1 3
2 3
4 0
4 2
4 3
5 2
5 3
5 4
6 3
6 4
6 5
7 0
7 3
7 6
8 2
8 3
8 4
9 8
9 3
9 5
10 8
10 9
10 6
11 2
11 3
11 4
12 8
12 1
12 11
13 3
13 4
13 6
14 2
14 3
14 4
15 9
15 3
15 4
16 10
16 3
16 4
17 11
17 4
17 5
18 10
18 6
18 7
19 16
19 2
19 4
20 8
20 1
20 13
21 0
21 6
21 7
22 8
22 12
22 13
23 16
23 10
23 20
24 7
24 5
24 15
25 24
25 1
25 14
26 8
26 20
26 5
27 13
27 4
27 5
28 3
28 11
28 20
29 16
29 10
29 4
30 8
30 19
30 20
31 8
31 1
31 6
32 8
32 24
32 2
33 18
33 3
33 4
34 16
34 11
34 20
35 10
35 3
35 13
36 4
36 7
36 15
37 10
37 3
37 13
38 9
38 4
38 1
39 0
39 8
39 3
40 0
40 2
40 10
41 2
41 27
41 6
42 3
42 38
42 7
43 16
43 8
43 24
44 5
44 14
44 7
45 42
45 3
45 38
46 8
46 24
46 11
47 8
47 3
47 5
48 44
48 6
48 7
49 8
49 3
49 31
50 17
50 15
50 39
51 32
51 10
51 3
52 3
52 12
52 20
53 8
53 7
53 23
54 17
54 3
54 1
55 8
55 10
55 42
56 19
56 36
56 54
57 12
57 46
57 31
58 8
58 17
58 2
59 16
59 8
59 4
60 43
60 2
60 19
61 11
61 3
61 19
62 27
62 60
62 37
63 16
63 10
63 21
64 24
64 58
64 3
65 17
65 11
65 15
66 16
66 57
66 5
67 2
67 3
67 14
68 3
68 14
68 7
69 8
69 2
69 61
70 3
70 1
70 67
71 0
71 42
71 20
72 0
72 2
72 58
73 3
73 39
73 7
74 8
74 38
74 6
75 8
75 24
75 71
76 0
76 19
76 60
77 34
77 36
77 23
78 8
78 11
78 4
79 8
79 1
79 70
80 49
80 2
80 12
81 25
81 74
81 45
82 24
82 25
82 18
83 3
83 11
83 31
84 3
84 69
84 39
85 61
85 5
85 14
86 4
86 85
86 71
87 10
87 5
87 14
88 0
88 9
88 2
89 10
89 3
89 68
POSITIONS
43.409935 -40.369347
-92.90471 -47.18431
-79.03647 -17.441446
19.502813 -14.105986
-19.963331 -32.357704
32.10061 18.616127
-5.3377013 6.0642033
75.91521 -56.647243
5.377806 36.217556
-51.366104 -38.509937
109.86671 14.807078
-51.887177 -0.5015711
-104.07403 -106.710556
40.214893 56.705235
-94.76952 43.379913
-1.1938014 -97.533134
77.34042 71.4244
-112.6721 -13.635509
97.52829 -93.11671
-8.758559 65.026306
28.352762 -72.52346
166.03041 -11.147737
-68.84641 110.42186
66.09765 -87.10338
-41.134464 50.74228
-159.67043 128.50047
139.63069 -91.46646
-92.79986 11.447672
-63.556965 -133.18478
147.91165 15.221418
-105.38286 110.223305
26.908085 -143.8692
-34.749397 169.30081
-94.02367 -142.93799
60.24798 3.4116223
44.05964 135.19649
-120.7943 -160.45006
98.31795 47.26304
-47.064606 82.18799
143.41791 -58.549744
-12.708995 96.784424
-190.40573 -79.91825
179.82227 17.725231
0.08630149 148.99713
-51.13948 -70.507935
104.02632 158.72195
-109.9803 -74.24719
171.2183 -42.709644
-79.645294 80.30601
-32.271027 -139.87384
161.70644 44.093925
-110.5331 71.94397
44.521564 -192.59538
97.830986 96.003525
-208.10489 -38.992702
239.00125 22.769224
-250.64224 2.8375957
-11.135351 -225.7661
-42.68097 128.84308
-124.484055 31.501839
77.92561 -23.260567
-84.28394 151.82576
-49.401173 -166.90425
243.1167 90.31419
-125.323364 152.88258
-7.097751 -178.68468
155.76176 75.53179
-170.45604 -53.50127
121.24772 -35.47661
-34.585697 202.48608
-49.910885 -104.24713
129.80684 41.606346
-169.15555 31.363037
160.81873 -149.22743
19.7683 195.23497
11.768878 -45.157192
199.22165 43.169785
-139.76003 -62.53582
-1.6970096 -129.52899
16.821877 84.456055
-194.55801 -167.96509
108.17259 245.77528
-110.103294 181.77502
-34.495415 -195.21861
135.38623 140.00876
-163.80396 76.77134
64.98738 -119.080894
69.33401 154.82315
-145.24548 -128.5063
219.0747 -61.495766
