NODES 60
EDGES 117
0 1
0 2
1 2
3 0
3 2
4 1
4 3
5 0
5 3
6 0
6 2
7 1
7 6
8 3
8 5
9 1
9 2
10 3
10 5
11 10
11 2
12 0
12 3
13 0
13 1
14 9
14 2
15 3
15 7
16 3
16 6
17 10
17 11
18 8
18 6
19 18
19 15
20 0
20 2
21 1
21 19
22 1
22 9
23 9
23 21
24 0
24 21
25 10
25 12
26 1
26 21
27 24
27 2
28 3
28 7
29 8
29 19
30 9
30 27
31 27
31 6
32 6
32 7
33 1
33 4
34 19
34 7
35 2
35 3
36 1
36 20
37 9
37 36
38 36
38 14
39 36
39 15
40 1
40 19
41 26
41 39
42 19
42 36
43 20
43 6
44 0
44 13
45 0
45 3
46 40
46 43
47 18
47 6
48 3
48 7
49 2
49 13
50 2
50 11
51 40
51 6
52 36
52 45
53 26
53 46
54 19
54 35
55 26
55 7
56 16
56 7
57 3
57 13
58 19
58 39
59 3
59 38
POSITIONS
-8.202125 -30.272312
-18.19703 13.140517
-26.413204 -18.369621
-7.1012197 -20.903893
-32.987362 8.751343
-24.296204 -31.187874
26.681358 -1.391007
24.679434 15.918384
-0.054480206 -1.6158668
-33.093376 3.1104667
-45.31493 -44.448524
-55.03824 -39.53194
-27.367603 -45.142086
-15.1390295 -41.61325
-21.881525 -23.498774
14.962106 24.329365
30.17315 -14.865419
-61.539017 -48.07751
32.026005 11.249501
14.245801 37.146767
0.69793355 -9.408077
-16.99375 33.95806
-34.695576 15.167567
-33.717503 27.471884
-14.772799 0.55550176
-43.62755 -54.54691
-8.421959 52.93768
-13.414662 -7.6546736
9.015104 -1.9360005
4.1872435 24.580173
-27.757673 -1.6415803
15.979066 -11.263864
40.115788 9.916901
-39.101955 17.9277
30.564556 35.519238
-24.186554 -6.182822
8.514076 5.847487
-9.822984 6.2295365
4.541123 -29.186455
20.568514 46.1186
4.158035 38.896095
8.033942 62.454327
19.811974 28.636147
11.931398 15.934888
-7.8625574 -51.204025
10.724211 -32.832924
2.2500453 50.10467
44.444424 4.5860863
13.263465 -5.6015067
-23.884686 -43.196125
-49.307274 -32.564754
27.682262 25.989231
19.89753 -21.957933
-5.650245 64.13639
-10.258684 23.710709
10.182257 47.624943
40.84182 -3.0582104
-11.258273 -46.77307
24.944956 53.91704
5.211195 -39.526608
