NODES 135
EDGES 530
0 1
0 2
0 3
0 4
1 2
1 3
1 4
2 3
2 4
3 4
5 0
5 1
5 2
5 4
6 1
6 2
6 3
6 4
7 0
7 1
7 4
7 6
8 0
8 1
8 2
8 6
9 1
9 2
9 3
9 5
10 0
10 1
10 3
10 7
11 0
11 8
11 2
11 1
12 0
12 9
12 2
12 5
13 8
13 1
13 4
13 9
14 0
14 2
14 3
14 12
15 8
15 9
15 10
15 14
16 10
16 3
16 14
16 15
17 8
17 2
17 11
17 6
18 8
18 1
18 10
18 2
19 8
19 9
19 12
19 14
20 8
20 1
20 10
20 9
21 0
21 1
21 5
21 8
22 0
22 18
22 2
22 6
23 11
23 18
23 19
23 7
24 8
24 4
24 12
24 14
25 8
25 19
25 11
25 22
26 8
26 1
26 10
26 6
27 24
27 1
27 11
27 6
28 2
28 27
28 13
28 14
29 0
29 4
29 20
29 5
30 8
30 4
30 28
30 22
31 0
31 3
31 30
31 15
32 8
32 5
32 22
32 23
33 24
33 27
33 5
33 23
34 24
34 2
34 14
34 30
35 9
35 18
35 12
35 30
36 0
36 1
36 20
36 22
37 8
37 4
37 6
37 14
38 9
38 34
38 18
38 23
39 8
39 18
39 37
39 30
40 18
40 11
40 22
40 14
41 8
41 19
41 28
41 15
42 3
42 37
42 14
42 6
43 8
43 1
43 28
43 14
44 41
44 20
44 30
44 14
45 40
45 0
45 19
45 29
46 16
46 9
46 15
46 39
47 8
47 1
47 4
47 22
48 5
48 11
48 13
48 30
49 0
49 9
49 4
49 1
50 32
50 9
50 42
50 38
51 10
51 3
51 5
51 6
52 24
52 3
52 19
52 11
53 8
53 32
53 50
53 11
54 0
54 33
54 10
54 50
55 3
55 31
55 28
55 23
56 0
56 2
56 34
56 30
57 0
57 24
57 18
57 9
58 10
58 5
58 38
58 14
59 0
59 10
59 22
59 7
60 24
60 27
60 28
60 6
61 50
61 2
61 20
61 7
62 0
62 35
62 52
62 23
63 1
63 11
63 6
63 47
64 17
64 7
64 29
64 15
65 0
65 56
65 26
65 5
66 8
66 42
66 30
66 7
67 8
67 1
67 43
67 65
68 1
68 59
68 14
68 23
69 1
69 11
69 14
69 63
70 8
70 0
70 26
70 21
71 0
71 57
71 18
71 7
72 8
72 27
72 29
72 22
73 8
73 0
73 66
73 20
74 72
74 8
74 18
74 7
75 8
75 0
75 62
75 23
76 8
76 1
76 5
76 69
77 9
77 44
77 37
77 55
78 1
78 42
78 18
78 36
79 25
79 52
79 30
79 1
80 16
80 29
80 13
80 5
81 48
81 8
81 26
81 24
82 27
82 34
82 26
82 20
83 8
83 9
83 27
83 37
84 18
84 3
84 7
84 63
85 10
85 7
85 5
85 55
86 10
86 3
86 12
86 61
87 19
87 18
87 3
87 46
88 8
88 65
88 37
88 22
89 3
89 1
89 18
89 26
90 8
90 49
90 20
90 30
91 42
91 75
91 28
91 5
92 9
92 2
92 27
92 12
93 34
93 11
93 77
93 29
94 0
94 41
94 19
94 5
95 9
95 11
95 20
95 7
96 15
96 12
96 21
96 71
97 50
97 4
97 5
97 30
98 2
98 12
98 6
98 79
99 65
99 49
99 6
99 31
100 43
100 35
100 93
100 49
101 11
101 9
101 67
101 20
102 66
102 28
102 39
102 79
103 38
103 0
103 46
103 23
104 43
104 52
104 13
104 46
105 73
105 26
105 101
105 79
106 8
106 97
106 67
106 6
107 9
107 37
107 5
107 7
108 8
108 106
108 28
108 95
109 72
109 106
109 20
109 14
110 89
110 9
110 90
110 18
111 16
111 83
111 4
111 14
112 24
112 19
112 108
112 101
113 73
113 81
113 34
113 70
114 34
114 26
114 70
114 14
115 51
115 74
115 3
115 35
116 58
116 11
116 38
116 111
117 8
117 2
117 99
117 29
118 90
118 12
118 4
118 44
119 1
119 106
119 43
119 52
120 0
120 1
120 22
120 41
121 98
121 11
121 29
121 22
122 88
122 57
122 92
122 112
123 3
123 27
123 19
123 20
124 0
124 75
124 108
124 109
125 8
125 121
125 66
125 107
126 16
126 27
126 91
126 95
127 24
127 3
127 124
127 53
128 1
128 18
128 36
128 5
129 10
129 83
129 109
129 95
130 16
130 83
130 5
130 126
131 41
131 19
131 4
131 13
132 11
132 130
132 51
132 4
133 121
133 44
133 70
133 6
134 43
134 123
134 118
134 7
POSITIONS
-6.119916 -68.319695
49.098053 -24.47889
-22.937809 -7.6943154
76.114136 7.394808
25.949717 60.03378
24.279366 -58.41814
49.53656 38.47661
12.362483 2.2451885
10.273963 -29.65471
-52.684452 8.373712
8.936499 -96.560844
-61.79241 73.69228
-89.65152 18.57485
56.097153 -55.6289
-36.59251 53.96917
-49.507694 -137.66017
-80.624 -12.107771
-138.1435 65.952095
81.09459 -24.215683
43.98628 7.0687623
-50.72957 -23.529615
116.084045 -124.760056
-64.367966 38.159286
-38.04424 -67.00961
80.08674 47.928413
-107.54762 75.21678
145.09306 -73.838135
-12.076104 134.5367
-20.149723 -39.56556
-24.87994 24.210495
-5.889435 62.912876
61.27545 -157.04248
56.543205 69.70581
-90.56016 -72.1581
7.5566397 33.869194
-83.93096 96.781364
8.786698 -145.8433
102.65895 25.262661
-102.07864 123.14531
133.31802 -44.088776
7.9890914 175.51984
41.47072 -198.83566
186.9614 26.38044
-121.61575 17.4501
-23.198837 -95.36668
49.703304 184.22246
-149.55858 -89.07457
105.52953 76.60381
31.319576 123.16553
-66.053505 -51.601456
81.05347 177.82213
-95.89994 -40.210274
41.529537 -85.36825
-0.10750739 235.1014
-22.107304 -154.13542
81.186325 -75.42383
-127.72438 -37.06491
35.856136 -128.78676
-22.179714 164.88754
-122.34957 -68.61023
147.01329 25.167831
-5.427621 103.254364
-102.45147 -183.24281
123.43075 176.56552
-203.27934 -28.821817
-6.6312246 -217.65323
166.22864 50.75715
-140.77875 -120.67674
110.767975 -12.235131
14.913827 206.75569
104.079765 -199.3479
118.66056 -91.86244
-143.39217 105.43464
176.16539 -66.26294
24.478376 91.94802
-134.04984 -158.41504
134.9864 89.5915
-70.16833 125.6176
207.37842 -134.38945
119.10893 117.36718
-104.212776 -139.33235
215.5249 11.93277
-51.121597 151.3054
-148.39641 35.645237
207.22571 101.110695
-105.82593 -105.6776
86.87536 -137.8939
38.164326 154.40503
-69.25367 -162.84366
223.32285 -28.69257
-38.7805 116.905014
93.40817 -169.1857
-32.104332 85.613754
-172.07455 85.297066
139.13167 -177.19858
-125.10289 145.36705
-30.629572 -239.3858
86.01034 109.39165
-34.61076 194.36618
55.214775 -244.78912
-191.06505 183.663
-157.85306 -26.332165
254.29245 -8.112878
-198.27402 19.269522
-78.2196 -204.14296
229.7649 40.589756
-167.33801 9.867264
147.2087 -106.32024
-195.07976 107.54027
-271.96896 19.951845
169.37036 100.861145
-159.80359 160.68
-65.12507 -91.55426
283.8491 -38.17202
-76.98291 -121.27027
131.42123 57.792744
-143.42963 266.90347
-20.89595 -186.10718
90.42639 147.22911
-185.91655 -55.69442
31.396542 -168.47028
61.84579 132.86473
-143.82838 -223.31871
143.3003 138.31317
-253.04333 45.755356
90.05741 -106.08872
54.96992 101.628
-87.0626 198.86015
174.83174 -132.35815
-251.7052 97.842186
-191.96251 -87.117134
181.60912 -34.730816
-220.99878 44.07451
143.90169 -140.55641
75.92632 228.9606
