NODES 105
EDGES 309
0 1
0 2
0 3
1 2
1 3
2 3
4 0
4 2
4 3
5 0
5 1
5 3
6 0
6 1
6 3
7 0
7 1
7 6
8 3
8 4
8 6
9 1
9 4
9 5
10 0
10 4
10 6
11 8
11 1
11 9
12 11
12 1
12 3
13 8
13 9
13 2
14 1
14 3
14 13
15 5
15 11
15 13
16 0
16 3
16 5
17 4
17 13
17 7
18 1
18 11
18 5
19 10
19 13
19 6
20 1
20 4
20 12
21 13
21 14
21 7
22 12
22 6
22 7
23 9
23 4
23 5
24 21
24 20
24 5
25 0
25 11
25 20
26 8
26 1
26 3
27 8
27 9
27 12
28 5
28 12
28 13
29 4
29 13
29 7
30 27
30 21
30 6
31 9
31 11
31 12
32 2
32 26
32 28
33 8
33 3
33 12
34 33
34 3
34 4
35 8
35 9
35 3
36 0
36 9
36 3
37 9
37 25
37 6
38 1
38 3
38 9
39 1
39 27
39 29
40 0
40 25
40 36
41 3
41 11
41 20
42 9
42 3
42 13
43 24
43 0
43 3
44 0
44 5
44 7
45 27
45 36
45 5
46 8
46 42
46 4
47 0
47 4
47 5
48 5
48 44
48 21
49 42
49 46
49 47
50 8
50 19
50 21
51 34
51 4
51 44
52 24
52 14
52 15
53 24
53 1
53 20
54 24
54 1
54 22
55 32
55 14
55 7
56 19
56 1
56 3
57 56
57 1
57 12
58 0
58 3
58 29
59 9
59 3
59 6
60 24
60 0
60 3
61 57
61 28
61 1
62 40
62 42
62 43
63 8
63 0
63 30
64 26
64 39
64 47
65 3
65 13
65 6
66 1
66 15
66 33
67 12
67 4
67 5
68 26
68 35
68 53
69 11
69 3
69 4
70 32
70 3
70 39
71 51
71 44
71 39
72 4
72 12
72 5
73 8
73 3
73 13
74 0
74 44
74 13
75 0
75 65
75 12
76 9
76 60
76 14
77 33
77 4
77 13
78 8
78 20
78 31
79 72
79 1
79 70
80 8
80 12
80 6
81 12
81 29
81 22
82 12
82 69
82 46
83 27
83 11
83 67
84 9
84 21
84 22
85 48
85 1
85 3
86 9
86 20
86 6
87 82
87 13
87 54
88 53
88 3
88 69
89 42
89 27
89 15
90 16
90 13
90 6
91 0
91 2
91 21
92 1
92 91
92 5
93 29
93 74
93 13
94 4
94 29
94 6
95 1
95 18
95 20
96 82
96 51
96 68
97 27
97 35
97 47
98 9
98 53
98 78
99 3
99 2
99 91
100 8
100 49
100 92
101 0
101 25
101 3
102 73
102 28
102 6
103 42
103 21
103 39
104 80
104 100
104 28
POSITIONS
-46.06095 -9.393971
13.770375 -16.833923
-39.238674 12.26806
-13.499998 -8.494726
-1.4699044 20.889526
-3.172321 -20.039745
-15.416435 8.956764
-41.27924 33.188282
30.077812 23.846214
11.621134 -35.51838
-32.06849 20.560413
41.841934 -39.588737
42.07248 -6.0233054
-19.153152 28.800499
-33.830807 -7.607257
24.651863 -30.194677
-45.899693 -20.667225
-33.91649 44.750305
30.151762 -56.13052
-23.160906 36.7832
18.74932 -56.832504
-40.364388 21.836895
4.701404 12.944238
-1.2523923 -28.971722
-15.653869 -43.95952
-20.310966 -63.160133
28.577183 42.31725
48.53438 4.1613793
38.793205 26.514362
-32.244663 56.822693
3.1027098 28.115948
55.588245 -43.771717
-4.4204516 56.104465
23.597258 15.648376
-3.0169086 42.432346
45.381386 11.484713
-28.302567 -47.461372
-10.709439 -53.235096
-1.4851054 -39.54958
6.20805 63.328804
-47.362183 -59.02351
23.781513 -52.808407
14.001118 11.322269
-48.350727 -41.336346
-52.538616 38.571266
3.9316473 -42.10135
43.661133 41.416576
19.128853 42.82592
-53.765797 4.7492642
45.164623 52.251278
-16.559727 46.593357
-10.263351 69.2004
-16.310776 -50.024902
36.336155 -47.93141
22.102562 -9.053915
-43.307854 44.650433
13.053619 -1.747032
53.54735 -16.726429
-54.077553 19.737452
-16.012669 -27.323448
-44.22725 -35.604248
60.52657 -6.0111914
-41.52341 -48.860504
-5.2823706 30.61731
24.8487 70.729744
-31.099676 3.2881417
34.372643 -20.927437
42.68662 -17.776674
58.704254 24.050493
34.456985 -11.319844
4.9020514 54.00994
-26.379667 77.73977
25.024101 5.3751287
9.404188 33.65605
-63.795567 38.29963
-24.858397 -16.456953
-34.484467 -40.281376
2.367533 40.355186
54.908604 -50.240574
20.439938 25.96772
51.594162 21.754318
9.400223 40.381573
64.05112 28.001356
66.00424 -25.78887
-6.0617924 -0.005649954
-32.51911 -19.922415
4.423337 -51.319233
41.79336 20.785858
31.718597 -35.281197
52.59259 -9.87136
-46.39587 5.90045
-60.002155 9.130489
2.5447946 3.2459466
-54.602215 57.509193
-25.59566 48.335514
28.087894 -66.982414
49.481956 60.3332
57.029453 32.160618
47.48115 -63.2308
-64.11777 2.6091433
54.09204 44.180027
-41.523357 -42.381012
19.973053 37.043808
-11.893074 53.117798
69.41729 40.468033
