NODES 90
EDGES 350
0 1
0 2
0 3
0 4
1 2
1 3
1 4
2 3
2 4
3 4
5 0
5 1
5 2
5 3
6 0
6 1
6 3
6 4
7 1
7 2
7 3
7 6
8 0
8 1
8 4
8 6
9 0
9 1
9 3
9 5
10 9
10 3
10 4
10 1
11 0
11 2
11 5
11 6
12 8
12 3
12 4
12 5
13 1
13 2
13 3
13 4
14 0
14 1
14 8
14 6
15 0
15 8
15 3
15 5
16 4
16 5
16 14
16 6
17 1
17 10
17 4
17 5
18 17
18 10
18 3
18 4
19 17
19 18
19 3
19 13
20 9
20 11
20 5
20 7
21 8
21 17
21 3
21 11
22 3
22 19
22 21
22 15
23 0
23 17
23 3
23 4
24 0
24 2
24 19
24 4
25 0
25 8
25 3
25 7
26 0
26 17
26 1
26 9
27 24
27 1
27 3
27 17
28 0
28 10
28 11
28 6
29 16
29 8
29 26
29 3
30 8
30 1
30 2
30 14
31 24
31 0
31 3
31 4
32 0
32 1
32 4
32 25
33 1
33 3
33 4
33 6
34 1
34 26
34 28
34 7
35 0
35 24
35 5
35 14
36 8
36 0
36 18
36 3
37 24
37 33
37 3
37 20
38 24
38 1
38 3
38 37
39 0
39 18
39 32
39 12
40 1
40 21
40 6
40 9
41 24
41 1
41 4
41 5
42 24
42 3
42 12
42 4
43 24
43 17
43 19
43 5
44 41
44 2
44 19
44 29
45 24
45 0
45 2
45 3
46 1
46 2
46 4
46 12
47 24
47 17
47 4
47 31
48 18
48 2
48 35
48 47
49 1
49 10
49 18
49 14
50 40
50 17
50 18
50 3
51 25
51 3
51 4
51 31
52 8
52 20
52 29
52 46
53 0
53 8
53 50
53 3
54 11
54 9
54 27
54 12
55 48
55 8
55 35
55 5
56 0
56 9
56 6
56 1
57 0
57 17
57 50
57 5
58 0
58 1
58 35
58 45
59 43
59 36
59 22
59 31
60 16
60 25
60 26
60 46
61 1
61 5
61 54
61 30
62 0
62 1
62 26
62 32
63 40
63 29
63 45
63 5
64 32
64 36
64 30
64 14
65 8
65 29
65 53
65 5
66 1
66 2
66 5
66 7
67 40
67 10
67 4
67 39
68 8
68 4
68 5
68 55
69 17
69 2
69 4
69 5
70 9
70 60
70 30
70 55
71 16
71 3
71 61
71 6
72 40
72 5
72 4
72 37
73 65
73 27
73 12
73 30
74 17
74 50
74 61
74 29
75 18
75 11
75 4
75 53
76 17
76 18
76 35
76 12
77 26
77 5
77 52
77 45
78 8
78 1
78 2
78 26
79 32
79 48
79 20
79 61
80 17
80 3
80 36
80 69
81 0
81 29
81 21
81 45
82 0
82 65
82 53
82 22
83 0
83 4
83 5
83 78
84 17
84 5
84 13
84 14
85 48
85 25
85 11
85 72
86 13
86 11
86 21
86 55
87 25
87 4
87 21
87 7
88 0
88 35
88 19
88 20
89 24
89 0
89 69
89 16
POSITIONS
23.918337 -27.63794
9.950048 -21.819532
-15.186895 -28.831211
1.9905915 3.4401238
-11.213044 11.82827
-14.933936 -8.472539
23.84136 -5.5491276
8.597794 -39.49407
19.854858 18.973902
33.261093 -9.16943
35.401524 14.963299
25.131786 9.299427
24.113504 42.149853
-38.439255 5.5670185
38.700886 7.2171955
39.17521 -14.103394
-27.836132 9.941626
-27.761648 23.10258
22.754494 34.080307
-35.58877 -8.226566
23.358498 -39.88099
-8.350279 38.640034
36.32043 -1.2053173
-19.283922 5.3766913
-39.94655 -25.178371
7.9724417 18.037914
-9.840408 -44.642708
5.308926 29.049343
45.44367 -32.539894
-48.302307 4.5052013
41.580135 40.63819
-9.826556 -17.48693
55.89091 -7.669086
-4.0925136 -8.176316
20.015184 -61.210693
10.477305 -7.700032
50.22228 2.722615
-29.780045 -16.59636
-31.28847 -31.91788
57.522465 26.357193
-4.646566 30.4206
-50.259434 -26.493082
-7.228317 21.892723
-42.766567 -15.422324
-63.33581 -23.229063
-34.555305 -46.66507
-25.031775 -0.32757196
-42.59757 17.342413
8.437706 37.086796
50.431656 15.906585
-14.079949 44.51028
-14.198071 21.276117
-24.72972 -35.538494
41.581955 27.49234
47.390568 41.70472
-7.8811064 53.55801
48.076977 -29.207228
-25.336084 -3.3936918
5.6420517 -54.596386
31.937307 -20.770617
-36.04703 24.668541
27.9448 48.827255
34.861805 -49.333508
-55.5784 -6.923615
71.63123 18.315351
18.749855 43.412514
-6.8255854 -55.03407
37.017963 37.781387
-20.678009 41.46037
-30.017591 -20.948544
6.899472 57.803722
4.6740828 39.18251
-31.910162 34.824436
33.73083 63.6017
-33.1444 52.0426
36.881844 33.02203
11.417755 50.861427
-34.477436 -57.492023
-0.8747258 -49.72349
56.870598 15.416671
10.378542 1.4167575
-45.775753 -9.778808
59.08459 10.253167
-2.453274 -40.948883
-36.704994 13.947996
1.3784863 51.841846
-21.056074 53.026676
-14.225045 27.985949
14.47461 -48.129303
-34.734066 -38.004635
