NODES 165
EDGES 650
0 1
0 2
0 3
0 4
1 2
1 3
1 4
2 3
2 4
3 4
5 1
5 2
5 3
5 4
6 0
6 1
6 2
6 4
7 2
7 3
7 5
7 6
8 1
8 2
8 4
8 6
9 1
9 4
9 6
9 7
10 0
10 3
10 4
10 5
11 9
11 10
11 3
11 6
12 0
12 2
12 3
12 4
13 0
13 1
13 2
13 11
14 0
14 2
14 10
14 6
15 8
15 1
15 4
15 5
16 1
16 4
16 6
16 15
17 0
17 2
17 4
17 5
18 2
18 10
18 11
18 15
19 3
19 10
19 2
19 12
20 0
20 9
20 5
20 6
21 0
21 1
21 2
21 9
22 8
22 2
22 10
22 4
23 18
23 3
23 4
23 22
24 1
24 19
24 20
24 4
25 8
25 1
25 18
25 15
26 8
26 1
26 10
26 7
27 9
27 2
27 6
27 1
28 1
28 2
28 12
28 5
29 24
29 9
29 2
29 10
30 1
30 4
30 17
30 23
31 1
31 19
31 12
31 22
32 0
32 19
32 5
32 6
33 1
33 18
33 5
33 6
34 18
34 15
34 21
34 23
35 28
35 5
35 6
35 23
36 0
36 3
36 4
36 22
37 25
37 18
37 22
37 14
38 2
38 4
38 29
38 6
39 17
39 13
39 38
39 23
40 16
40 26
40 13
40 22
41 9
41 1
41 30
41 25
42 40
42 9
42 2
42 6
43 3
43 39
43 14
43 23
44 0
44 11
44 14
44 31
45 34
45 11
45 36
45 31
46 0
46 19
46 22
46 6
47 0
47 19
47 21
47 14
48 24
48 16
48 19
48 23
49 8
49 19
49 5
49 6
50 34
50 2
50 4
50 47
51 21
51 5
51 6
51 14
52 8
52 4
52 30
52 15
53 51
53 12
53 36
53 6
54 53
54 3
54 44
54 28
55 0
55 49
55 10
55 37
56 19
56 22
56 6
56 14
57 25
57 2
57 20
57 37
58 24
58 2
58 28
58 38
59 0
59 1
59 2
59 50
60 2
60 10
60 5
60 47
61 49
61 42
61 4
61 53
62 57
62 10
62 5
62 23
63 56
63 18
63 4
63 22
64 18
64 5
64 61
64 55
65 10
65 18
65 3
65 30
66 9
66 2
66 46
66 22
67 64
67 1
67 15
67 49
68 40
68 9
68 67
68 29
69 0
69 8
69 58
69 20
70 3
70 43
70 38
70 23
71 24
71 21
71 5
71 54
72 0
72 25
72 5
72 14
73 33
73 13
73 46
73 15
74 34
74 66
74 30
74 7
75 11
75 34
75 2
75 4
76 65
76 12
76 13
76 57
77 24
77 9
77 5
77 47
78 26
78 11
78 13
78 31
79 2
79 4
79 21
79 14
80 0
80 25
80 51
80 36
81 58
81 76
81 20
81 68
82 32
82 1
82 5
82 15
83 0
83 49
83 58
83 29
84 25
84 50
84 12
84 37
85 1
85 28
85 54
85 6
86 0
86 75
86 77
86 7
87 18
87 53
87 54
87 47
88 80
88 9
88 60
88 6
89 29
89 10
89 55
89 23
90 24
90 27
90 22
90 23
91 3
91 51
91 83
91 60
92 66
92 27
92 86
92 14
93 59
93 18
93 5
93 77
94 1
94 2
94 19
94 5
95 24
95 58
95 12
95 15
96 45
96 61
96 6
96 47
97 33
97 3
97 44
97 14
98 65
98 10
98 3
98 20
99 15
99 85
99 54
99 63
100 8
100 18
100 26
100 66
101 1
101 19
101 36
101 23
102 1
102 35
102 21
102 22
103 10
103 39
103 38
103 7
104 2
104 26
104 4
104 36
105 1
105 42
105 35
105 70
106 0
106 67
106 85
106 47
107 106
107 74
107 6
107 23
108 24
108 1
108 28
108 93
109 80
109 3
109 6
109 23
110 16
110 9
110 92
110 22
111 2
111 81
111 18
111 19
112 16
112 8
112 26
112 46
113 50
113 2
113 34
113 63
114 65
114 105
114 99
114 14
115 1
115 19
115 4
115 30
116 104
116 17
116 70
116 47
117 81
117 21
117 29
117 103
118 0
118 51
118 5
118 15
119 3
119 93
119 5
119 30
120 16
120 89
120 61
120 97
121 72
121 106
121 85
121 6
122 0
122 8
122 115
122 89
123 16
123 11
123 3
123 36
124 16
124 9
124 19
124 14
125 17
125 18
125 42
125 103
126 80
126 41
126 37
126 22
127 33
127 2
127 44
127 4
128 2
128 58
128 13
128 6
129 99
129 44
129 61
129 15
130 24
130 20
130 6
130 23
131 120
131 0
131 26
131 33
132 25
132 122
132 78
132 6
133 25
133 2
133 37
133 5
134 24
134 109
134 53
134 78
135 1
135 100
135 127
135 15
136 24
136 1
136 74
136 20
137 0
137 35
137 23
137 63
138 83
138 59
138 61
138 87
139 56
139 27
139 83
139 123
140 138
140 28
140 122
140 55
141 96
141 114
141 115
141 5
142 66
142 3
142 12
142 5
143 8
143 68
143 95
143 15
144 16
144 0
144 19
144 139
145 8
145 1
145 141
145 15
146 1
146 28
146 22
146 84
147 58
147 115
147 70
147 63
148 8
148 35
148 116
148 30
149 122
149 5
149 22
149 30
150 17
150 2
150 3
150 46
151 104
151 1
151 18
151 3
152 38
152 34
152 51
152 54
153 0
153 2
153 122
153 22
154 59
154 124
154 110
154 95
155 8
155 1
155 115
155 47
156 9
156 130
156 46
156 30
157 32
157 66
157 12
157 29
158 104
158 9
158 78
158 1
159 102
159 69
159 78
159 103
160 2
160 51
160 23
160 71
161 24
161 57
161 56
161 10
162 12
162 4
162 94
162 31
163 19
163 59
163 5
163 86
164 0
164 132
164 30
164 47
POSITIONS
-17.220236 -9.039647
-27.224777 -25.324251
20.98342 -15.641909
-15.247906 31.007885
12.638571 18.861498
-35.791283 44.756798
26.488178 -22.809237
23.437315 -36.40046
16.276957 49.484814
23.49537 -42.638603
-3.3108253 25.203821
-14.325238 -52.230118
-45.424923 -12.718535
47.533024 -42.23267
13.882179 -14.831486
27.65447 56.88702
-4.492245 -76.723526
48.107273 26.765938
-23.061089 50.981293
-35.17562 -49.811115
64.75662 -5.565508
29.90533 -1.3680363
-6.793287 -4.047399
39.021507 21.382076
34.943714 -24.71046
-46.572327 70.96032
7.975605 -37.142815
31.343632 -66.27571
-28.124609 34.934406
69.3193 -20.519297
-12.881213 80.94233
-52.692078 -45.657654
-16.39918 -56.944164
-7.9028754 -63.708694
1.9620528 41.98829
51.866257 67.45532
-64.79562 -26.948597
-54.591614 61.8417
78.59339 22.826666
101.58557 17.798304
43.83739 -38.566174
-50.124855 30.837296
59.147163 7.0877533
57.488205 24.998182
14.497839 -43.125492
-68.92017 -19.74748
43.485367 -55.48072
-51.996437 23.394281
28.715513 -67.849625
-15.795867 28.997871
-57.513527 9.449543
21.30852 42.920326
7.921921 73.299484
-18.156261 41.0301
31.04976 45.19035
-69.13576 40.402405
33.24936 -35.309887
6.2802386 81.44772
70.44919 10.036621
-81.06021 -30.429426
-53.760315 34.22726
-35.338947 55.948933
2.5311854 63.141487
38.94763 52.229588
-24.550657 75.69458
11.593028 72.39634
24.043108 -34.8977
36.731922 58.710766
91.19324 -11.370382
62.990948 -15.0959835
74.99131 68.25206
49.400665 32.955246
-1.4139558 -25.45848
49.423367 -49.605877
50.927986 -5.750181
-39.64054 -40.975845
38.11919 47.83431
-50.083927 -41.008568
-13.761523 -82.34348
24.473545 -10.400006
-64.66319 16.258781
101.083954 20.943167
-49.38004 15.949355
14.979313 -21.223648
-100.239555 39.86206
42.85766 19.094177
-48.974533 -78.032684
-37.62556 54.049885
-34.69969 -21.814276
-55.972332 21.807348
43.363598 -30.1753
-28.474554 48.66096
0.93831015 -98.46344
-74.39445 10.774912
-56.648144 -25.03867
39.017567 -17.41634
-31.20671 46.23934
-40.054245 -66.471664
-1.0915228 65.91153
50.970314 81.32548
-0.48526117 22.797163
-40.224907 -23.2907
48.36859 28.607655
94.14226 -6.4202266
-31.352741 -14.054066
57.872246 70.75982
57.958878 5.5533805
74.32152 -5.843664
-53.17218 -22.52855
-6.5482216 -19.387632
5.988551 -100.037926
33.518 19.35396
12.434369 -68.88183
-41.952408 32.740356
30.191082 93.95808
-30.030996 59.500664
27.50526 73.59041
105.07099 5.177896
-6.6712313 58.984913
-62.04027 39.777523
-40.2606 -43.81272
70.74118 -22.608315
-67.649666 35.75373
-25.975529 -71.35065
-6.54742 -96.81372
83.04321 44.180107
-68.21599 65.39868
12.505546 -27.91188
80.26836 -31.832897
27.248997 60.19357
86.41593 -17.625263
-34.73177 -74.7345
-71.57705 11.00684
-57.782326 76.03006
-10.413058 -58.098476
13.241225 28.73195
54.700573 -12.743465
49.867035 45.180546
-77.252625 36.406914
11.052927 -102.88842
-98.54331 54.429276
-15.394782 92.6609
-36.109947 -19.398867
64.653305 32.150818
-5.1861153 -89.308334
-12.299965 99.66923
-58.396873 29.224594
76.76108 68.945496
20.04926 86.070496
-44.103016 64.10216
37.243095 -26.03408
-61.110516 14.153623
58.225426 58.86579
-62.0255 -11.124339
-14.1475525 -77.02644
-38.731632 43.35548
62.64535 -40.729454
19.056026 -44.524094
-31.60063 -70.63528
83.33917 -23.609102
37.68395 38.94008
41.845154 -4.567195
-72.26993 -39.273808
-63.14379 -44.652557
-62.5953 12.721558
