NODES 165
EDGES 327
0 1
0 2
1 2
3 0
3 2
4 1
4 2
5 1
5 2
6 2
6 4
7 1
7 3
8 2
8 4
9 0
9 4
10 0
10 1
11 1
11 10
12 10
12 2
13 1
13 2
14 8
14 2
15 1
15 2
16 8
16 12
17 0
17 7
18 9
18 12
19 2
19 10
20 9
20 4
21 4
21 6
22 11
22 14
23 1
23 9
24 16
24 4
25 24
25 2
26 4
26 12
27 3
27 7
28 1
28 11
29 2
29 4
30 2
30 12
31 10
31 4
32 10
32 2
33 1
33 3
34 10
34 29
35 24
35 2
36 24
36 11
37 9
37 2
38 16
38 10
39 1
39 34
40 0
40 34
41 10
41 2
42 2
42 37
43 1
43 14
44 5
44 23
45 1
45 26
46 42
46 4
47 4
47 7
48 37
48 46
49 4
49 45
50 20
50 30
51 19
51 31
52 9
52 10
53 10
53 2
54 1
54 19
55 32
55 30
56 11
56 36
57 1
57 9
58 0
58 1
59 24
59 5
60 52
60 13
61 9
61 42
62 56
62 34
63 3
63 7
64 9
64 28
65 49
65 7
66 1
66 52
67 24
67 46
68 0
68 2
69 20
69 30
70 26
70 43
71 9
71 50
72 4
72 45
73 9
73 4
74 11
74 39
75 10
75 19
76 60
76 62
77 10
77 14
78 48
78 77
79 9
79 1
80 9
80 22
81 10
81 30
82 9
82 11
83 0
83 1
84 66
84 27
85 20
85 44
86 11
86 4
87 0
87 30
88 9
88 61
89 9
89 11
90 32
90 57
91 40
91 42
92 17
92 7
93 10
93 14
94 12
94 4
95 27
95 22
96 9
96 22
97 17
97 4
98 24
98 0
99 19
99 3
100 68
100 14
101 0
101 78
102 3
102 4
103 9
103 70
104 3
104 13
105 45
105 78
106 9
106 99
107 0
107 37
108 11
108 43
109 28
109 7
110 90
110 51
111 2
111 22
112 1
112 42
113 10
113 68
114 27
114 12
115 42
115 50
116 61
116 23
117 2
117 4
118 1
118 77
119 19
119 76
120 42
120 27
121 90
121 7
122 9
122 18
123 37
123 7
124 64
124 77
125 1
125 71
126 1
126 2
127 17
127 44
128 18
128 34
129 85
129 39
130 11
130 71
131 19
131 87
132 17
132 85
133 11
133 94
134 77
134 78
135 1
135 49
136 58
136 34
137 57
137 58
138 9
138 29
139 43
139 77
140 104
140 126
141 109
141 69
142 68
142 4
143 29
143 47
144 58
144 119
145 138
145 12
146 16
146 50
147 2
147 3
148 12
148 4
149 40
149 64
150 77
150 142
151 1
151 146
152 67
152 71
153 9
153 10
154 2
154 46
155 1
155 33
156 64
156 1
157 139
157 87
158 34
158 29
159 1
159 5
160 58
160 3
161 67
161 44
162 0
162 9
163 9
163 90
164 1
164 138
POSITIONS
88.864044 31.227278
-16.96711 -38.36729
41.393417 24.164972
148.0125 62.96247
-5.110105 -90.92916
-54.641697 -189.1098
-31.419367 -9.818153
76.78554 -40.0614
14.694218 -33.737682
-75.3483 -22.123014
25.613466 -3.670186
-10.7571945 44.372513
-89.02105 -94.12087
168.49838 -118.560585
-109.21045 154.87784
-26.316065 -145.01909
38.411125 -101.51498
-93.39137 80.54088
-10.095009 -213.307
-15.279467 76.050095
-142.75073 -77.990456
107.6876 -48.313553
-253.49417 165.33676
-61.65154 -77.5695
-103.57477 33.348927
-147.86993 -21.728436
45.255463 -134.39674
66.56443 132.28238
-162.40506 -119.65505
94.78246 -121.45892
103.29205 64.7866
0.45540917 -162.535
46.358845 192.756
-45.159187 87.8966
259.90826 -66.06291
-63.99782 193.96211
-126.371124 10.903934
159.33057 21.524656
-95.39187 -60.970615
130.48392 36.19031
281.216 -17.27821
-76.97481 -166.19412
200.4952 -118.64943
-178.60208 154.23537
-265.01334 -242.64125
54.91006 -16.71749
-57.976665 -140.44972
125.51186 -226.69861
-20.074015 107.72132
-42.71937 -246.22906
199.2813 -86.67127
-130.14328 69.2807
134.63213 -65.55418
-8.124129 153.36221
-176.69815 -85.92204
222.94016 192.5144
-113.63343 106.44852
-154.64207 129.33984
170.58974 149.85254
-223.59433 -90.661644
334.9727 -150.13818
-70.50366 107.40269
156.63387 -88.845184
274.96292 41.090157
-264.7002 6.500297
101.48536 -313.88773
155.92332 96.56885
-226.30429 -122.54669
200.16896 137.64311
-158.2735 8.540632
-194.90407 -47.68825
161.81712 -48.67948
-179.2805 -15.591098
19.549004 -193.31944
123.31436 228.61008
-120.29442 -100.78238
346.07196 7.692403
-91.47556 254.76257
-40.45589 56.26248
7.22819 124.378586
-317.032 34.401478
225.43127 -27.027224
-98.859184 185.15953
-6.6188755 -245.11761
205.46455 286.9053
-360.23804 -14.448474
79.363556 -155.28201
223.87636 224.50037
-239.9675 43.480946
132.81967 1.3874525
-133.30328 342.51694
319.18933 -194.4812
84.04878 159.08345
-214.09595 92.90013
72.775444 -257.2126
-184.54143 304.85898
-305.62592 -24.097103
44.899326 84.40984
-130.26157 178.98297
-36.469704 -97.295006
106.13714 307.6005
-94.47758 -125.63624
228.06084 -100.66766
-295.6016 58.16568
70.66711 -190.82394
222.1435 103.64554
-263.41583 -79.54248
299.00516 -48.74118
-134.62007 273.54507
-104.44644 -287.72614
12.728823 326.8029
-231.6362 211.46027
156.56645 -234.39914
277.74957 133.48383
-226.1788 6.6342044
367.78165 -132.86023
-198.64711 199.57704
-77.1167 -211.88849
13.4197 221.70036
157.25882 210.46468
286.4461 -102.062645
-5.56128 285.00208
-210.01602 -232.11932
313.09958 -20.010288
-305.52567 228.31763
99.77954 -207.67667
12.084701 92.63907
-348.0585 -133.28809
265.1812 -254.74503
-145.83382 207.72781
14.660341 -125.01923
253.46544 236.68063
-372.83823 133.12357
179.19672 -257.02344
-19.234274 328.33926
-172.2756 -242.68736
390.90063 50.86206
-36.496628 298.15646
-147.61652 -213.06908
21.293179 360.12244
-226.42278 -53.21729
-88.211876 -368.71054
50.36051 236.72833
60.44997 -356.9968
324.5994 227.32971
-302.93 -166.51747
144.49843 -294.31458
179.2685 187.23596
-205.54008 -189.72675
116.97267 -144.51106
-94.061005 413.20505
-20.466803 -325.49866
191.32391 20.872324
-179.0745 59.605877
32.554092 -247.68904
-32.089222 196.37901
-283.4141 -111.089615
297.82526 331.52606
216.09435 68.899635
-23.484898 -291.4305
290.99432 222.49236
-380.50253 -244.72136
148.95924 -143.89548
-108.396935 291.88843
-181.53784 -284.63162
