NODES 90
EDGES 350
0 1
0 2
0 3
0 4
1 2
1 3
1 4
2 3
2 4
3 4
5 0
5 2
5 3
5 4
6 0
6 1
6 2
6 5
7 0
7 1
7 2
7 6
8 0
8 1
8 2
8 3
9 0
9 1
9 3
9 6
10 0
10 8
10 2
10 4
11 0
11 9
11 5
11 1
12 0
12 9
12 5
12 6
13 8
13 1
13 11
13 0
14 1
14 11
14 5
14 7
15 0
15 1
15 14
15 7
16 1
16 3
16 13
16 7
17 0
17 9
17 11
17 7
18 0
18 1
18 2
18 15
19 16
19 10
19 2
19 3
20 0
20 1
20 2
20 14
21 0
21 1
21 2
21 19
22 0
22 17
22 6
22 14
23 8
23 19
23 12
23 22
24 18
24 3
24 20
24 6
25 2
25 18
25 21
25 14
26 11
26 3
26 21
26 6
27 8
27 17
27 5
27 14
28 8
28 0
28 4
28 1
29 0
29 1
29 4
29 7
30 17
30 12
30 29
30 15
31 0
31 17
31 3
31 15
32 1
32 3
32 5
32 7
33 0
33 25
33 18
33 31
34 0
34 33
34 2
34 17
35 25
35 19
35 21
35 14
36 0
36 1
36 4
36 5
37 16
37 1
37 21
37 23
38 9
38 28
38 5
38 22
39 0
39 9
39 30
39 31
40 0
40 1
40 2
40 4
41 1
41 5
41 10
41 21
42 24
42 0
42 2
42 6
43 18
43 13
43 22
43 7
44 0
44 17
44 2
44 14
45 1
45 2
45 3
45 14
46 25
46 18
46 43
46 14
47 24
47 17
47 21
47 14
48 0
48 24
48 43
48 25
49 25
49 3
49 28
49 4
50 0
50 1
50 8
50 46
51 48
51 26
51 13
51 7
52 32
52 18
52 4
52 38
53 0
53 2
53 35
53 22
54 20
54 15
54 14
54 47
55 0
55 27
55 19
55 44
56 16
56 4
56 46
56 23
57 2
57 23
57 15
57 31
58 4
58 44
58 12
58 39
59 32
59 1
59 4
59 21
60 8
60 1
60 11
60 4
61 11
61 18
61 51
61 15
62 1
62 18
62 2
62 61
63 1
63 11
63 46
63 47
64 0
64 12
64 5
64 47
65 17
65 18
65 52
65 1
66 0
66 41
66 11
66 6
67 41
67 10
67 12
67 38
68 17
68 50
68 61
68 49
69 65
69 3
69 52
69 25
70 24
70 1
70 52
70 46
71 27
71 51
71 47
71 7
72 0
72 49
72 3
72 14
73 49
73 11
73 37
73 38
74 56
74 4
74 5
74 15
75 18
75 2
75 4
75 28
76 8
76 73
76 2
76 5
77 5
77 20
77 55
77 47
78 18
78 12
78 52
78 23
79 73
79 20
79 5
79 23
80 54
80 2
80 19
80 22
81 72
81 49
81 51
81 4
82 26
82 21
82 14
82 39
83 73
83 52
83 5
83 39
84 25
84 11
84 36
84 45
85 17
85 43
85 52
85 14
86 64
86 0
86 73
86 23
87 24
87 15
87 14
87 55
88 51
88 20
88 30
88 15
89 56
89 18
89 27
89 38
POSITIONS
21.898447 17.037592
20.31467 -14.922507
46.155857 -33.792862
-5.369275 33.782352
-13.88394 -49.773674
50.024906 -0.73807925
-26.84301 58.653168
-51.582474 38.367302
91.31051 0.9298861
-77.09622 19.106937
-28.716698 -99.18033
88.7169 75.93208
-74.83093 -75.57508
4.172295 66.169174
-82.31656 50.69327
-81.423004 -42.723804
78.86127 106.366554
-11.386934 -10.57744
-3.1766222 -79.91892
-13.704359 127.03144
-43.76312 -28.78267
59.46669 62.9756
-117.187836 74.55476
20.176805 -52.477253
27.59184 112.14871
-71.20255 -12.337674
30.890047 48.607903
48.504597 136.33401
7.7293015 -127.62142
32.757706 80.57695
-145.28526 -42.273933
22.363033 -99.1663
-0.9495888 97.70839
-41.02245 -129.97093
104.30191 -102.12679
-98.91383 176.33344
119.42314 -55.66249
185.1776 11.277814
-60.322666 -104.093445
63.93433 -61.266533
-32.038662 90.23537
-46.524685 -60.656456
155.5686 59.2428
-178.37503 50.367676
86.320946 -30.677853
80.438675 138.32819
-114.07544 -49.3357
57.581425 31.00707
-132.38452 136.45598
38.974327 -138.18748
114.301704 56.723454
-148.62372 80.530716
1.2183871 -163.99405
-43.681385 167.75493
-159.84206 -70.770905
106.64517 166.39671
-86.19959 82.52615
17.137707 -191.75328
112.645355 24.772564
-134.47275 -0.0932989
157.01865 -61.23736
-56.789673 69.95746
-83.33466 -126.32051
133.79193 82.69011
-40.348934 3.03069
-32.431396 -160.7966
38.925957 166.8617
-164.35928 -170.95805
148.324 -30.446554
-109.63423 20.082134
-64.23836 -151.99748
20.122292 205.84346
-103.17123 -19.247904
174.22244 -112.409424
-79.851906 125.51199
-30.828035 -200.89143
208.75873 -49.539642
-45.498184 123.45471
37.779385 -216.8399
154.92424 0.8594114
-188.10538 16.554754
52.713417 -109.285866
7.204154 162.65485
130.58755 -187.75972
160.68399 124.5748
-175.73909 -30.076427
105.70303 -134.0961
-22.37516 197.77838
-219.68527 -69.36203
116.1966 -19.196938
