NODES 135
EDGES 530
0 1
0 2
0 3
0 4
1 2
1 3
1 4
2 3
2 4
3 4
5 1
5 2
5 3
5 4
6 0
6 2
6 4
6 5
7 1
7 2
7 4
7 6
8 0
8 3
8 5
8 6
9 0
9 8
9 3
9 7
10 9
10 3
10 4
10 5
11 9
11 2
11 4
11 5
12 0
12 2
12 4
12 5
13 1
13 3
13 9
13 7
14 5
14 2
14 12
14 13
15 5
15 3
15 13
15 7
16 0
16 8
16 3
16 1
17 1
17 4
17 15
17 7
18 0
18 13
18 12
18 5
19 2
19 12
19 13
19 7
20 17
20 3
20 12
20 7
21 0
21 2
21 3
21 4
22 0
22 3
22 20
22 7
23 21
23 5
23 14
23 7
24 0
24 1
24 3
24 8
25 8
25 10
25 3
25 6
26 17
26 5
26 19
26 13
27 17
27 10
27 4
27 21
28 10
28 2
28 5
28 14
29 16
29 0
29 2
29 3
30 1
30 5
30 22
30 14
31 11
31 8
31 3
31 7
32 1
32 2
32 4
32 12
33 0
33 28
33 5
33 22
34 24
34 25
34 2
34 7
35 5
35 4
35 28
35 12
36 24
36 2
36 18
36 15
37 0
37 11
37 3
37 6
38 2
38 34
38 15
38 7
39 10
39 5
39 38
39 14
40 9
40 26
40 13
40 30
41 0
41 12
41 21
41 6
42 11
42 12
42 13
42 31
43 0
43 5
43 22
43 31
44 0
44 32
44 20
44 28
45 19
45 3
45 36
45 5
46 0
46 25
46 13
46 7
47 0
47 7
47 14
47 22
48 25
48 2
48 4
48 37
49 40
49 25
49 6
49 7
50 25
50 28
50 4
50 22
51 3
51 45
51 38
51 47
52 33
52 51
52 12
52 13
53 48
53 24
53 44
53 21
54 32
54 3
54 38
54 7
55 18
55 52
55 37
55 23
56 1
56 3
56 20
56 7
57 34
57 45
57 54
57 31
58 24
58 25
58 20
58 53
59 24
59 55
59 22
59 6
60 8
60 13
60 3
60 5
61 24
61 25
61 46
61 31
62 2
62 11
62 28
62 7
63 56
63 1
63 3
63 5
64 33
64 34
64 11
64 20
65 48
65 3
65 46
65 7
66 40
66 16
66 3
66 6
67 56
67 0
67 27
67 6
68 3
68 53
68 30
68 7
69 8
69 25
69 62
69 7
70 8
70 3
70 19
70 14
71 3
71 64
71 43
71 27
72 3
72 37
72 62
72 7
73 12
73 50
73 4
73 5
74 0
74 2
74 3
74 47
75 72
75 1
75 50
75 7
76 40
76 41
76 12
76 7
77 72
77 68
77 5
77 76
78 40
78 1
78 19
78 47
79 64
79 49
79 3
79 7
80 78
80 12
80 62
80 22
81 21
81 3
81 45
81 63
82 19
82 12
82 5
82 7
83 0
83 16
83 45
83 47
84 0
84 20
84 21
84 71
85 3
85 50
85 83
85 45
86 8
86 57
86 46
86 39
87 51
87 5
87 38
87 22
88 41
88 66
88 35
88 78
89 43
89 2
89 5
89 37
90 41
90 10
90 3
90 20
91 18
91 39
91 5
91 63
92 40
92 82
92 59
92 22
93 5
93 12
93 4
93 7
94 0
94 5
94 19
94 37
95 56
95 1
95 48
95 22
96 94
96 36
96 22
96 39
97 40
97 65
97 80
97 63
98 80
98 68
98 85
98 79
99 2
99 12
99 30
99 15
100 45
100 5
100 70
100 15
101 96
101 81
101 26
101 70
102 89
102 4
102 47
102 31
103 97
103 12
103 78
103 1
104 0
104 73
104 34
104 60
105 16
105 72
105 90
105 10
106 89
106 2
106 45
106 13
107 40
107 105
107 34
107 19
108 16
108 3
108 85
108 5
109 33
109 51
109 12
109 1
110 89
110 26
110 4
110 94
111 5
111 99
111 85
111 62
112 41
112 2
112 109
112 39
113 89
113 10
113 77
113 31
114 50
114 4
114 42
114 7
115 3
115 20
115 14
115 39
116 72
116 40
116 44
116 71
117 0
117 68
117 71
117 7
118 96
118 2
118 11
118 5
119 105
119 18
119 3
119 7
120 10
120 19
120 5
120 103
121 11
121 45
121 37
121 54
122 64
122 8
122 18
122 92
123 0
123 21
123 110
123 30
124 117
124 3
124 108
124 4
125 120
125 92
125 13
125 14
126 62
126 58
126 3
126 6
127 16
127 17
127 52
127 21
128 19
128 8
128 11
128 29
129 16
129 73
129 51
129 87
130 9
130 4
130 38
130 63
131 32
131 104
131 5
131 15
132 113
132 83
132 6
132 127
133 16
133 98
133 22
133 127
134 0
134 76
134 6
134 15
POSITIONS
55.17615 11.255071
-20.609476 27.70833
0.9828359 -74.512474
9.507211 48.6234
5.567632 -42.858734
37.224346 -39.103188
-16.91782 66.431625
-89.91397 -41.896606
92.76498 -0.74470556
-4.1068444 -12.372398
64.1532 -56.321
72.05251 38.45405
-75.81126 -80.3638
28.741104 -90.406784
13.973195 -171.58635
-12.642455 -103.45702
1.1836452 154.7944
-130.79889 -40.7557
41.54157 -137.41081
94.09015 -45.160686
-135.54074 53.843235
103.758156 34.288567
-97.804695 74.12771
119.99505 -130.64517
106.51098 66.16113
-67.731155 -12.88594
89.21152 -119.740204
-47.323666 114.289474
-31.332235 -133.44272
168.71735 73.27068
-35.875847 -16.04185
125.79782 -40.992634
9.38266 16.62048
-115.46137 -99.89073
15.112866 -119.37553
-161.18715 -51.548004
95.448616 -151.12802
136.877 76.22583
-95.3856 -142.93326
93.73302 -223.1895
52.63284 100.446236
-53.4747 -103.30105
125.521034 -8.999864
78.54128 81.66467
29.663605 -8.058436
39.147785 71.43765
-59.765553 -148.12378
62.745426 -19.812016
20.774727 97.63177
-57.95961 -43.34852
-49.056602 13.107251
-79.2391 48.150616
-48.020966 -177.89264
120.53109 205.26317
-106.63772 -69.13516
162.58527 -88.145424
-111.845894 117.70141
32.742146 -197.50403
17.389402 228.87509
-47.41635 45.063465
148.95583 -117.071785
1.0252477 122.804405
-149.61865 -103.79623
133.28572 22.030655
-156.97899 80.82108
60.6497 -88.09506
-55.05609 207.29367
-190.18547 95.233
-19.588829 98.33088
-173.77953 5.01458
64.598694 -159.57979
13.090478 197.1669
-126.07806 89.05086
90.661385 -76.98819
47.454254 132.01918
-207.93611 -41.801464
40.12092 39.438
-18.38261 191.39337
-44.788418 -72.50575
-160.71268 145.06541
-207.05327 20.07987
169.45496 -29.935741
-73.51351 94.91998
-108.88316 36.152714
119.873146 163.28554
-187.17834 127.08519
111.876335 -269.79785
-106.08474 149.17065
-251.29483 -68.2312
184.22328 36.401356
-80.70362 126.08206
199.35326 -163.87222
-42.812607 157.93712
-172.54375 -81.465454
188.17601 -117.36136
-134.49986 222.27217
56.96152 -235.5113
147.9351 114.89861
-290.93787 116.482376
-136.66554 -177.24948
118.050285 102.09909
81.61493 -297.99713
233.75983 -59.876328
-47.057858 77.06973
178.48439 -188.13104
59.156246 162.17415
-80.90683 16.217947
209.10484 16.27903
-80.258415 187.57457
-179.91954 -144.38202
266.78433 -55.977104
-241.05757 -37.912914
-60.110382 -263.52884
150.46236 172.67134
-138.27704 -73.8778
113.72474 -99.171455
-67.460846 248.79968
-26.180647 -46.512733
178.75948 -60.545494
-126.89335 9.622325
124.333755 -164.88745
79.1763 194.85297
-105.015434 -13.720358
225.32803 50.43451
-145.7202 114.293755
67.25892 -205.21336
81.845566 113.49858
-177.93506 56.64214
255.84631 22.162859
-8.794914 250.23676
-80.00955 -178.77264
197.23666 -86.67266
-155.01265 197.71152
-250.31766 32.738605
95.71752 142.31044
