NODES 105
EDGES 207
0 1
0 2
1 2
3 0
3 1
4 0
4 1
5 1
5 4
6 0
6 1
7 3
7 4
8 0
8 3
9 1
9 7
10 9
10 4
11 1
11 5
12 1
12 11
13 0
13 7
14 12
14 7
15 1
15 4
16 4
16 13
17 0
17 7
18 2
18 10
19 16
19 7
20 14
20 15
21 15
21 7
22 4
22 13
23 1
23 4
24 0
24 4
25 0
25 7
26 1
26 23
27 1
27 21
28 11
28 7
29 17
29 28
30 12
30 7
31 18
31 20
32 20
32 14
33 3
33 12
34 0
34 23
35 16
35 5
36 8
36 4
37 18
37 15
38 1
38 19
39 20
39 5
40 20
40 7
41 4
41 23
42 11
42 21
43 2
43 14
44 28
44 7
45 0
45 9
46 40
46 7
47 0
47 25
48 0
48 39
49 4
49 22
50 16
50 12
51 16
51 1
52 1
52 15
53 0
53 5
54 3
54 5
55 27
55 14
56 40
56 20
57 1
57 2
58 4
58 45
59 57
59 23
60 24
60 21
61 9
61 45
62 56
62 25
63 25
63 7
64 57
64 23
65 26
65 42
66 36
66 14
67 56
67 20
68 40
68 1
69 34
69 68
70 20
70 7
71 2
71 54
72 4
72 23
73 49
73 18
74 9
74 44
75 61
75 46
76 37
76 46
77 64
77 0
78 1
78 46
79 4
79 39
80 33
80 23
81 64
81 39
82 1
82 11
83 24
83 48
84 25
84 41
85 77
85 39
86 16
86 5
87 22
87 7
88 1
88 9
89 41
89 2
90 65
90 28
91 5
91 85
92 32
92 2
93 0
93 1
94 57
94 84
95 28
95 7
96 1
96 14
97 42
97 44
98 30
98 7
99 57
99 23
100 11
100 44
101 1
101 84
102 17
102 9
103 59
103 36
104 12
104 102
POSITIONS
-22.037445 14.030922
-2.947115 -1.9201435
11.75084 56.450245
-18.03746 3.2101574
-8.2561 23.68175
-47.975204 4.9892516
-27.383575 2.9571018
26.371801 -34.856297
-12.751738 33.774975
-2.4670165 -44.74114
17.458988 13.916635
1.830552 -51.690277
-0.09844592 -34.762352
-14.671395 -14.186612
47.42053 15.295268
37.134495 15.000284
-46.267822 -23.364069
-7.888634 -56.01539
49.097675 49.533833
-23.943102 -40.605667
62.490414 23.707514
40.8164 -18.321188
8.579431 12.1086855
-36.97474 45.086197
1.292348 37.10123
11.498055 -2.6935709
-9.422008 -16.357924
41.28612 -6.5224576
22.205374 -79.365326
3.5116742 -84.620995
28.656843 -50.532776
68.92576 47.018677
62.396576 41.986122
-33.04217 -8.067415
-17.066462 38.27089
-62.818817 -16.096813
1.9721589 58.267357
68.588104 28.42851
-23.398258 -28.501347
-28.425161 51.094315
65.75924 -8.010056
-28.503202 57.936592
28.572104 -66.64175
37.898727 46.40874
23.212452 -86.620255
-19.457825 -34.243404
62.82685 -30.984102
-12.115861 -0.098473735
-19.618198 54.694546
19.25217 40.39381
-35.838 -40.614933
-36.79283 -20.192348
22.81981 7.80885
-53.95113 10.799448
-38.7098 25.225237
58.104603 5.873553
81.49526 10.048567
-31.847637 68.99324
-26.46628 -13.336811
-30.601404 81.684074
27.445 15.804881
7.1669173 -58.686214
59.16835 1.3134605
23.85182 -22.332275
-56.01147 69.014404
15.066323 -69.288414
31.975176 44.981586
87.50731 20.502592
34.680683 6.3742075
15.269678 30.163126
56.810623 -10.14354
-12.384643 55.850666
-28.320978 39.951485
40.24515 58.635166
5.6383076 -79.10123
45.960217 -56.04002
80.392044 -3.1525967
-60.4904 50.35083
42.07703 -24.343256
-19.021515 47.277752
-49.75249 21.233847
-51.939 75.20894
-3.0750766 -30.541964
-7.1655965 61.36624
-35.074326 37.351917
-68.04063 49.256695
-63.505936 -11.637408
23.860266 -13.937065
-9.326061 -31.09032
-7.984437 73.71134
21.621428 -92.995895
-73.41462 29.834257
46.187428 63.283592
-23.461477 0.26887733
-45.465477 63.73004
35.33407 -69.44797
29.01432 5.450811
33.816483 -91.20685
38.95764 -52.164818
-42.9265 71.75778
11.593009 -84.33925
-32.39511 21.04995
-15.74664 -69.81881
-13.435713 85.81703
-15.150862 -65.085526
