NODES 195
EDGES 579
0 1
0 2
0 3
1 2
1 3
2 3
4 0
4 1
4 3
5 0
5 1
5 4
6 1
6 4
6 5
7 2
7 3
7 4
8 1
8 4
8 5
9 1
9 4
9 6
10 1
10 3
10 5
11 9
11 2
11 4
12 9
12 6
12 7
13 1
13 6
13 7
14 8
14 13
14 6
15 3
15 12
15 6
16 5
16 14
16 7
17 9
17 12
17 15
18 16
18 6
18 7
19 16
19 10
19 7
20 16
20 13
20 6
21 0
21 1
21 6
22 1
22 2
22 21
23 16
23 19
23 22
24 0
24 4
24 6
25 4
25 13
25 15
26 1
26 5
26 6
27 16
27 1
27 14
28 8
28 2
28 13
29 20
29 14
29 6
30 19
30 6
30 23
31 29
31 4
31 21
32 27
32 5
32 30
33 4
33 12
33 14
34 16
34 24
34 19
35 0
35 26
35 6
36 17
36 4
36 15
37 8
37 6
37 30
38 16
38 9
38 5
39 16
39 1
39 27
40 16
40 5
40 7
41 0
41 17
41 27
42 24
42 30
42 23
43 32
43 21
43 7
44 2
44 34
44 30
45 17
45 34
45 13
46 0
46 34
46 23
47 11
47 28
47 29
48 0
48 38
48 23
49 0
49 1
49 29
50 0
50 3
50 29
51 40
51 4
51 21
52 24
52 49
52 1
53 8
53 24
53 46
54 4
54 20
54 39
55 1
55 42
55 49
56 0
56 17
56 15
57 25
57 51
57 14
58 5
58 20
58 21
59 24
59 2
59 32
60 16
60 9
60 4
61 4
61 5
61 6
62 17
62 4
62 9
63 34
63 19
63 60
64 16
64 25
64 13
65 56
65 42
65 39
66 27
66 28
66 63
67 1
67 27
67 59
68 58
68 19
68 12
69 25
69 66
69 63
70 4
70 21
70 30
71 64
71 1
71 5
72 1
72 54
72 23
73 67
73 6
73 55
74 61
74 22
74 6
75 32
75 1
75 23
76 25
76 68
76 9
77 32
77 1
77 30
78 1
78 74
78 10
79 1
79 20
79 7
80 1
80 42
80 4
81 17
81 21
81 22
82 27
82 44
82 30
83 17
83 28
83 5
84 49
84 2
84 7
85 9
85 43
85 6
86 9
86 27
86 6
87 7
87 62
87 63
88 44
88 6
88 79
89 25
89 4
89 7
90 0
90 3
90 62
91 1
91 29
91 23
92 33
92 20
92 31
93 1
93 37
93 39
94 9
94 58
94 84
95 0
95 41
95 69
96 9
96 35
96 53
97 2
97 3
97 44
98 1
98 19
98 9
99 1
99 19
99 44
100 35
100 2
100 10
101 72
101 1
101 68
102 32
102 26
102 12
103 3
103 4
103 37
104 8
104 54
104 6
105 58
105 91
105 4
106 104
106 89
106 38
107 3
107 84
107 86
108 17
108 1
108 94
109 9
109 4
109 69
110 82
110 4
110 109
111 82
111 76
111 90
112 64
112 1
112 62
113 43
113 84
113 30
114 0
114 11
114 39
115 50
115 37
115 15
116 19
116 7
116 71
117 89
117 4
117 31
118 1
118 115
118 117
119 24
119 65
119 92
120 9
120 58
120 3
121 33
121 66
121 54
122 1
122 17
122 9
123 66
123 92
123 103
124 31
124 85
124 79
125 88
125 35
125 91
126 40
126 24
126 37
127 16
127 94
127 39
128 35
128 13
128 6
129 2
129 3
129 114
130 1
130 19
130 46
131 1
131 66
131 29
132 58
132 4
132 55
133 16
133 9
133 58
134 88
134 14
134 63
135 129
135 51
135 71
136 48
136 29
136 93
137 9
137 66
137 71
138 128
138 1
138 120
139 82
139 4
139 39
140 9
140 27
140 29
141 120
141 57
141 10
142 1
142 41
142 95
143 58
143 37
143 38
144 139
144 53
144 78
145 143
145 131
145 103
146 21
146 38
146 71
147 2
147 70
147 111
148 8
148 5
148 7
149 56
149 145
149 21
150 9
150 20
150 92
151 83
151 2
151 67
152 27
152 13
152 7
153 9
153 23
153 15
154 56
154 13
154 71
155 56
155 9
155 45
156 17
156 6
156 94
157 124
157 93
157 86
158 29
158 30
158 55
159 1
159 4
159 118
160 129
160 107
160 78
161 58
161 37
161 71
162 124
162 29
162 95
163 1
163 27
163 78
164 72
164 56
164 37
165 120
165 1
165 75
166 1
166 5
166 37
167 56
167 62
167 14
168 16
168 39
168 71
169 51
169 19
169 5
170 24
170 146
170 14
171 26
171 53
171 23
172 9
172 4
172 70
173 34
173 54
173 15
174 37
174 61
174 110
175 17
175 29
175 151
176 129
176 164
176 9
177 9
177 140
177 13
178 16
178 33
178 46
179 70
179 68
179 62
180 65
180 82
180 29
181 10
181 20
181 39
182 180
182 29
182 44
183 27
183 37
183 7
184 32
184 16
184 180
185 56
185 41
185 23
186 166
186 70
186 7
187 80
187 72
187 3
188 26
188 147
188 44
189 50
189 35
189 125
190 49
190 18
190 103
191 140
191 142
191 63
192 151
192 60
192 55
193 80
193 132
193 23
194 32
194 6
194 15
POSITIONS
-11.790593 -2.3520796
-19.32089 22.264389
-42.88798 52.553
16.137985 64.584885
38.118237 20.166733
-4.982581 35.85714
27.269173 5.9226484
8.867146 22.962534
20.285858 -3.0482492
31.091894 -19.431734
1.3395543 74.70797
5.619596 9.017452
15.596581 -19.088877
38.035976 -48.116123
22.302418 -55.66449
44.409836 -30.720129
-26.382729 -33.994675
-12.30243 -61.08663
16.95909 13.731063
-52.437077 9.901344
59.69559 -40.07972
13.220374 41.345116
-43.077778 61.049873
-67.60833 1.0573107
-51.641277 -21.687128
69.54519 -18.570429
-34.81522 43.609444
-26.254635 -23.066664
5.0472903 -46.56678
2.4894445 -60.461823
-68.91598 41.320927
81.06481 -23.297813
-72.69577 30.545187
46.877445 -70.738075
-49.683693 -56.757103
50.36982 37.796116
41.846535 -40.791183
58.349426 45.79457
35.617645 -29.791552
-15.118427 -25.01699
-11.978449 46.177597
-31.91467 -84.69066
-95.72265 -4.092972
-19.812757 57.19607
-76.57489 23.658873
-4.139836 -94.81202
-68.46273 -36.16025
8.105712 -53.096203
-14.828783 -43.037693
-41.294445 5.5154443
64.66355 14.67592
22.649687 73.44273
-60.605206 -8.144616
-56.77092 -0.9765331
56.57928 -46.628315
-90.34867 -1.3988222
12.654505 -71.32423
66.20986 35.15709
32.9778 45.088634
-94.44615 15.431878
-27.214327 -54.05896
39.904972 68.826324
1.2752577 -15.868866
-8.95364 -89.0334
24.159777 -42.154354
-58.638206 -66.97204
49.3342 -89.19766
-88.745 -13.920966
-0.95194244 57.965527
47.160355 -84.11343
-12.646148 88.47033
11.135069 -9.832883
3.5794392 40.824463
-79.1613 -7.798692
-2.1520128 87.973236
-69.93179 52.49382
23.318876 46.016354
-82.92441 48.277695
-27.31903 98.326515
60.303204 -12.1170025
-56.231422 47.378414
-34.76755 19.6157
-59.95732 29.942392
-45.049965 -44.655663
-34.545795 67.91275
58.014984 1.6537533
52.78611 12.911058
-5.223644 -46.059288
43.000557 -11.944675
90.01745 0.26467454
-14.251119 54.29802
5.0870705 2.6184523
75.55692 -75.13746
50.22821 -11.415357
-20.676596 0.6841516
4.3600254 -102.641975
13.222609 5.7675548
-53.086918 72.63302
-31.081083 -0.9941345
-83.975746 27.085905
9.085874 86.06496
-9.646361 65.85956
-51.06342 24.981798
83.57063 22.172394
75.99468 -32.06079
43.20519 40.339935
94.350395 -31.440306
20.05204 98.30397
-37.67214 -20.032862
67.86382 -8.874192
45.576553 51.764797
-41.161926 84.14211
-3.5888844 -22.031956
-60.883633 80.60577
-0.95584357 29.709232
93.41248 24.747946
-28.264078 7.0687876
103.57686 11.996942
87.81574 39.88774
-21.613129 -82.42335
39.59732 80.04834
69.31337 -92.689514
-5.1806197 -37.129665
94.418564 -62.86998
94.469955 -40.004448
77.78829 19.041132
-17.348759 39.339622
-42.08738 -34.67166
68.340576 24.04426
14.028173 97.86351
-72.49809 -10.577336
53.916122 -56.968117
-45.873035 38.474598
13.970657 -4.515859
27.979918 -81.21915
24.297468 84.771095
19.926401 -64.33416
48.386894 -62.175934
50.336956 67.77077
-42.674057 31.14854
5.998153 -87.7618
51.57534 90.7674
-25.728212 -98.58068
84.47123 11.965641
-65.15757 64.86503
101.36349 -17.848717
8.911347 -26.970776
-58.428295 99.184814
2.4130025 23.28453
67.224144 -27.312212
79.5607 -62.21801
-89.194824 -37.759037
11.4732275 -32.547077
3.1114082 -33.523445
33.239876 -67.63638
18.621256 -93.48915
-4.8581896 -31.561363
96.076195 -14.614024
-79.12955 -17.659058
66.69602 45.610855
3.879507 126.1028
54.893036 52.55824
44.55178 -98.22075
-34.346317 53.711113
58.22204 26.84719
-27.083174 80.394936
16.097021 78.86995
17.433739 -78.5189
-26.210735 -44.911797
-24.30879 65.35394
-21.919039 -60.45329
-83.118 15.486846
32.916733 55.275566
26.640738 -72.161705
69.190216 78.317535
-52.028763 -78.37314
60.33169 59.515503
36.009785 -80.76497
-30.235458 -72.22957
-12.126792 72.34126
-77.01591 -51.67639
37.961052 1.086182
-73.921974 -45.301525
23.772102 30.240488
-85.82896 -29.277493
-45.304287 -76.18926
4.143953 96.71442
-16.535147 79.30125
-79.509056 75.918106
97.32654 33.267365
34.11259 31.279226
-15.192783 -119.448
-96.01349 -45.427586
-88.06218 41.304153
-3.2078667 1.2074375
