NODES 90
EDGES 264
0 1
0 2
0 3
1 2
1 3
2 3
4 0
4 2
4 3
5 2
5 3
5 4
6 3
6 4
6 5
7 0
7 3
7 6
8 2
8 3
8 4
9 8
9 3
9 5
10 8
10 9
10 6
11 2
11 3
11 4
12 8
12 1
12 11
13 3
13 4
13 6
14 2
14 3
14 4
15 9
15 3
15 4
16 10
16 3
16 4
17 11
17 4
17 5
18 10
18 6
18 7
19 16
19 2
19 4
20 8
20 1
20 13
21 0
21 6
21 7
22 8
22 12
22 13
23 16
23 10
23 20
24 7
24 5
24 15
25 24
25 1
25 14
26 8
26 20
26 5
27 13
27 4
27 5
28 3
28 11
28 20
29 16
29 10
29 4
30 8
30 19
30 20
31 8
31 1
31 6
32 8
32 24
32 2
33 18
33 3
33 4
34 16
34 11
34 20
35 10
35 3
35 13
36 4
36 7
36 15
37 10
37 3
37 13
38 9
38 4
38 1
39 0
39 8
39 3
40 0
40 2
40 10
41 2
41 27
41 6
42 3
42 38
42 7
43 16
43 8
43 24
44 5
44 14
44 7
45 42
45 3
45 38
46 8
46 24
46 11
47 8
47 3
47 5
48 44
48 6
48 7
49 8
49 3
49 31
50 17
50 15
50 39
51 32
51 10
51 3
52 3
52 12
52 20
53 8
53 7
53 23
54 17
54 3
54 1
55 8
55 10
55 42
56 19
56 36
56 54
57 12
57 46
57 31
58 8
58 17
58 2
59 16
59 8
59 4
60 43
60 2
60 19
61 11
61 3
61 19
62 27
62 60
62 37
63 16
63 10
63 21
64 24
64 58
64 3
65 17
65 11
65 15
66 16
66 57
66 5
67 2
67 3
67 14
68 3
68 14
68 7
69 8
69 2
69 61
70 3
70 1
70 67
71 0
71 42
71 20
72 0
72 2
72 58
73 3
73 39
73 7
74 8
74 38
74 6
75 8
75 24
75 71
76 0
76 19
76 60
77 34
77 36
77 23
78 8
78 11
78 4
79 8
79 1
79 70
80 49
80 2
80 12
81 25
81 74
81 45
82 24
82 25
82 18
83 3
83 11
83 31
84 3
84 69
84 39
85 61
85 5
85 14
86 4
86 85
86 71
87 10
87 5
87 14
88 0
88 9
88 2
89 10
89 3
89 68
POSITIONS
-15.234852 -11.892108
41.42822 -1.2633425
0.25423273 -23.0859
20.520782 6.229284
-24.983833 -3.2275095
-3.5384452 6.605106
-0.8769771 43.89164
10.178864 38.771564
9.029774 -8.18692
-5.2091937 15.650157
-29.580978 44.688374
11.098607 -45.446854
48.291348 -26.602922
-16.852089 27.58124
29.168915 23.641254
-9.856456 -30.362137
-48.79365 5.1065826
-2.9650476 -57.34184
8.811617 63.634937
-45.328617 -38.475468
-13.557012 -3.9049256
-21.107409 43.23181
32.01332 0.4972902
-55.247574 17.159416
15.189915 19.753881
47.065517 46.03202
-4.582548 -4.195441
-43.850742 21.650934
14.993875 -28.407236
-53.897285 26.071445
-29.457552 -31.646317
49.19948 -11.863578
5.4397516 13.54156
13.727459 32.336784
-47.04319 -22.213705
-14.447817 44.069557
-39.11269 -21.540495
-38.972233 35.106674
11.364809 49.96911
25.521801 -34.74535
-29.77872 8.1671095
-28.930244 23.541332
-0.25485703 58.395126
-38.19917 -2.3602734
29.15779 44.54579
20.6458 68.33401
33.94219 -28.5813
9.708573 3.7485938
25.970442 59.103
55.373714 -13.757844
9.7518425 -63.386375
-6.8293047 33.036064
31.762032 -12.366334
-23.881725 26.197985
4.931272 -41.50758
-14.233133 53.600075
-37.55397 -51.590553
51.25146 -36.138462
2.1239104 -49.777733
-39.273693 -9.024513
-59.452324 -23.67694
-8.260214 -46.94758
-68.11276 15.432839
-49.590897 44.89018
24.403711 -18.801579
-0.9805754 -67.56643
8.586499 -20.699482
47.979828 8.700877
36.428387 38.5854
19.396786 -50.1022
62.81252 5.032254
-31.166058 16.401041
-15.654973 -47.95483
35.11832 -5.2375226
20.406452 57.872566
-11.919821 17.339115
-57.902534 -36.457104
-67.3927 -11.949669
-10.134116 -37.480335
60.348763 -3.6545594
56.108486 -30.0236
36.327496 75.32446
37.458492 59.17339
41.43389 -30.660383
35.09652 -44.151676
-18.823107 -20.622612
-46.131763 -7.4862204
-2.9385617 36.045654
-12.410054 -18.898909
20.497065 45.51819
