NODES 135
EDGES 267
0 1
0 2
1 2
3 0
3 1
4 0
4 3
5 0
5 2
6 0
6 1
7 0
7 1
8 0
8 2
9 4
9 5
10 2
10 7
11 1
11 5
12 5
12 7
13 3
13 7
14 5
14 6
15 0
15 13
16 8
16 9
17 10
17 5
18 16
18 6
19 17
19 4
20 8
20 19
21 13
21 15
22 11
22 19
23 13
23 22
24 3
24 5
25 0
25 17
26 1
26 2
27 18
27 7
28 26
28 21
29 28
29 23
30 24
30 0
31 16
31 10
32 0
32 10
33 21
33 23
34 1
34 2
35 2
35 4
36 16
36 6
37 8
37 27
38 8
38 33
39 16
39 7
40 24
40 33
41 16
41 6
42 12
42 13
43 41
43 15
44 1
44 10
45 6
45 23
46 10
46 6
47 10
47 2
48 33
48 10
49 1
49 25
50 2
50 18
51 0
51 10
52 4
52 5
53 24
53 4
54 0
54 5
55 11
55 54
56 37
56 21
57 0
57 21
58 0
58 33
59 0
59 10
60 11
60 6
61 27
61 31
62 8
62 0
63 16
63 25
64 30
64 23
65 5
65 47
66 1
66 5
67 8
67 44
68 57
68 50
69 8
69 23
70 40
70 58
71 16
71 0
72 56
72 18
73 0
73 46
74 51
74 44
75 1
75 4
76 33
76 21
77 67
77 5
78 43
78 15
79 32
79 76
80 6
80 30
81 1
81 12
82 6
82 15
83 24
83 45
84 9
84 23
85 66
85 83
86 0
86 75
87 1
87 52
88 1
88 5
89 14
89 6
90 60
90 6
91 80
91 71
92 80
92 16
93 17
93 74
94 10
94 4
95 0
95 5
96 92
96 13
97 66
97 60
98 66
98 15
99 26
99 75
100 0
100 71
101 80
101 97
102 48
102 42
103 24
103 16
104 9
104 18
105 68
105 12
106 8
106 94
107 27
107 76
108 76
108 21
109 89
109 92
110 10
110 101
111 11
111 15
112 0
112 74
113 5
113 53
114 16
114 44
115 18
115 15
116 16
116 47
117 0
117 9
118 90
118 61
119 97
119 76
120 28
120 14
121 10
121 84
122 33
122 7
123 88
123 13
124 10
124 103
125 16
125 74
126 0
126 70
127 114
127 22
128 0
128 18
129 42
129 21
130 5
130 13
131 0
131 108
132 45
132 21
133 13
133 39
134 21
134 23
POSITIONS
-6.5015645 5.2609463
-29.414457 -3.6522536
-41.90417 9.4790945
-15.829433 25.46985
-64.095695 19.32791
-29.735527 -16.426311
36.567616 -41.96514
22.371096 18.06522
-34.582047 33.56504
-18.537226 -20.854101
-28.106863 14.240612
-9.66751 -39.84634
31.823898 23.416988
43.744072 17.813766
19.181435 -48.736473
70.40517 -20.42777
-2.9908848 -51.006798
-70.55535 -24.300608
55.62182 -25.671577
-84.48024 4.0575953
-81.220955 26.896173
66.9945 55.977127
-51.205887 -8.105128
10.025498 59.119347
-20.904572 43.79481
-48.275658 -43.881405
-43.999294 34.81523
73.13795 8.751781
22.116657 47.945404
17.811813 68.602356
3.6462562 27.098984
18.267063 -28.638237
3.3189816 41.856483
27.371693 85.232216
-52.20463 2.7649057
-70.49674 23.157745
18.406858 -65.58841
50.86871 29.62031
-8.828785 76.60402
29.923767 -14.512148
-1.6588348 90.093636
47.066395 -64.289314
62.550076 48.13564
81.36336 -55.822014
-63.86123 -29.885885
36.01526 39.46819
8.016932 -20.184162
-52.19084 -20.84708
20.801422 73.03507
-51.351563 -36.520752
35.418755 0.31224862
-44.62447 -19.225498
-70.715096 -0.55391276
-62.390045 34.825634
-25.0772 -36.24917
-22.305992 -56.203964
84.124176 32.02502
53.969322 34.6948
3.0543575 76.9567
-18.022923 17.810246
49.80266 -43.994453
75.30857 -28.87821
-25.184162 31.561556
-31.02737 -65.950485
1.8677496 58.034554
-54.469845 -29.171389
19.29685 0.7436308
-75.93049 -7.5140595
66.41579 22.134512
-19.996813 63.140343
-7.8282914 94.00565
5.539185 -40.623127
88.21834 1.8661946
4.740898 -12.702781
-67.18615 -52.91199
-74.577415 24.374247
73.545845 76.258804
-73.05887 -16.923813
92.21788 -48.518913
44.78349 76.25679
33.726013 -30.596651
5.6741858 13.462598
67.14964 -42.196953
13.351966 48.955036
-15.439674 38.91351
20.052761 34.46816
-54.273518 21.92894
-66.69956 -5.3395457
-8.922953 -12.0204
37.38093 -75.331474
68.45321 -56.45504
23.781607 -48.05548
34.61701 -63.97724
-84.89927 -49.09509
-64.95398 41.738873
-18.401457 -11.477795
49.080013 -30.756542
60.306194 2.5715554
58.229404 -11.846291
-77.61556 40.0794
0.84398884 -27.749933
43.601074 -2.9960809
52.008564 74.97534
-25.095236 5.29097
21.229353 -35.260677
65.26045 27.80284
-62.588276 53.10615
90.92036 48.36896
69.68433 71.14406
41.71742 -86.73372
11.176722 13.723158
40.42998 -48.583553
-44.622528 -37.268764
-63.578503 9.765023
-54.215813 -56.486557
81.08129 -31.803862
-34.626995 -52.582508
-10.876877 -18.970116
86.84903 -49.569794
81.85909 48.545773
28.199846 -4.2963743
-32.95379 45.060074
31.376131 65.06638
25.371683 2.3617134
-40.253826 19.55691
-42.641087 -69.85198
-12.191309 65.98371
-68.5652 -43.846386
34.099102 -17.216871
82.15898 61.10287
11.02558 -2.0268824
40.07793 49.531143
58.52283 60.14839
50.8998 0.15749268
45.22179 70.38737
