NODES 180
EDGES 710
0 1
0 2
0 3
0 4
1 2
1 3
1 4
2 3
2 4
3 4
5 0
5 2
5 3
5 4
6 1
6 2
6 3
6 5
7 0
7 1
7 4
7 5
8 0
8 1
8 4
8 6
9 1
9 2
9 3
9 4
10 0
10 2
10 3
10 5
11 3
11 10
11 2
11 4
12 9
12 2
12 3
12 6
13 8
13 0
13 2
13 3
14 0
14 9
14 10
14 1
15 2
15 3
15 5
15 7
16 2
16 5
16 3
16 13
17 0
17 1
17 10
17 6
18 2
18 11
18 14
18 7
19 0
19 2
19 4
19 13
20 0
20 9
20 2
20 14
21 19
21 2
21 3
21 4
22 0
22 1
22 3
22 14
23 8
23 21
23 19
23 5
24 0
24 1
24 10
24 8
25 0
25 17
25 13
25 24
26 1
26 10
26 11
26 23
27 1
27 3
27 6
27 7
28 0
28 2
28 12
28 14
29 0
29 1
29 19
29 5
30 0
30 10
30 3
30 4
31 24
31 2
31 14
31 23
32 24
32 1
32 10
32 15
33 16
33 17
33 3
33 22
34 0
34 1
34 2
34 3
35 8
35 9
35 2
35 13
36 16
36 18
36 3
36 22
37 24
37 13
37 10
37 5
38 19
38 5
38 6
38 31
39 0
39 32
39 3
39 15
40 16
40 25
40 19
40 39
41 9
41 19
41 12
41 39
42 0
42 1
42 2
42 9
43 27
43 3
43 21
43 6
44 26
44 43
44 20
44 14
45 0
45 10
45 2
45 30
46 24
46 17
46 4
46 15
47 18
47 13
47 14
47 39
48 18
48 2
48 11
48 31
49 0
49 48
49 20
49 28
50 8
50 33
50 4
50 7
51 40
51 19
51 22
51 6
52 1
52 18
52 12
52 21
53 0
53 18
53 3
53 4
54 19
54 5
54 22
54 39
55 0
55 2
55 34
55 28
56 49
56 2
56 45
56 21
57 17
57 13
57 53
57 6
58 0
58 17
58 43
58 46
59 0
59 1
59 2
59 29
60 26
60 12
60 4
60 6
61 49
61 19
61 29
61 7
62 0
62 50
62 10
62 21
63 57
63 51
63 30
63 1
64 2
64 43
64 34
64 30
65 48
65 3
65 22
65 31
66 8
66 3
66 6
66 31
67 8
67 2
67 3
67 38
68 65
68 2
68 3
68 13
69 9
69 3
69 36
69 13
70 9
70 2
70 51
70 17
71 16
71 10
71 59
71 23
72 26
72 28
72 31
72 39
73 17
73 2
73 3
73 21
74 2
74 5
74 46
74 6
75 8
75 10
75 3
75 23
76 2
76 68
76 13
76 39
77 38
77 26
77 3
77 30
78 9
78 18
78 5
78 46
79 3
79 26
79 19
79 31
80 9
80 4
80 12
80 79
81 8
81 17
81 20
81 77
82 9
82 66
82 3
82 52
83 0
83 29
83 3
83 21
84 8
84 1
84 56
84 57
85 65
85 5
85 38
85 15
86 17
86 58
86 12
86 23
87 24
87 51
87 21
87 14
88 82
88 3
88 45
88 87
89 16
89 0
89 5
89 7
90 0
90 3
90 46
90 23
91 81
91 3
91 12
91 43
92 0
92 58
92 3
92 63
93 32
93 65
93 21
93 39
94 80
94 75
94 28
94 87
95 3
95 4
95 93
95 22
96 24
96 10
96 68
96 95
97 0
97 9
97 67
97 39
98 3
98 44
98 5
98 55
99 59
99 35
99 9
99 63
100 25
100 2
100 19
100 15
101 48
101 49
101 3
101 92
102 24
102 1
102 74
102 40
103 72
103 82
103 45
103 95
104 80
104 0
104 93
104 54
105 101
105 68
105 5
105 95
106 0
106 36
106 21
106 87
107 12
107 53
107 30
107 39
108 28
108 45
108 95
108 23
109 2
109 5
109 78
109 15
110 83
110 3
110 36
110 20
111 51
111 84
111 14
111 87
112 27
112 20
112 77
112 23
113 51
113 111
113 13
113 23
114 17
114 23
114 86
114 15
115 40
115 66
115 12
115 23
116 32
116 49
116 50
116 103
117 11
117 68
117 77
117 87
118 1
118 30
118 110
118 39
119 109
119 4
119 5
119 39
120 8
120 17
120 4
120 13
121 104
121 98
121 91
121 4
122 60
122 5
122 14
122 47
123 80
123 49
123 61
123 87
124 0
124 89
124 102
124 30
125 97
125 4
125 102
125 113
126 58
126 51
126 39
126 23
127 3
127 72
127 19
127 77
128 46
128 53
128 14
128 39
129 26
129 2
129 69
129 38
130 1
130 28
130 70
130 95
131 97
131 2
131 22
131 57
132 2
132 111
132 30
132 39
133 129
133 5
133 102
133 31
134 8
134 114
134 6
134 7
135 11
135 26
135 3
135 77
136 8
136 10
136 3
136 28
137 0
137 3
137 21
137 31
138 9
138 19
138 22
138 7
139 137
139 83
139 12
139 13
140 42
140 3
140 84
140 53
141 120
141 86
141 134
141 102
142 2
142 52
142 69
142 30
143 12
143 79
143 6
143 23
144 8
144 135
144 14
144 119
145 16
145 9
145 45
145 13
146 3
146 1
146 19
146 45
147 80
147 96
147 14
147 103
148 0
148 18
148 12
148 133
149 27
149 92
149 38
149 103
150 80
150 4
150 93
150 84
151 9
151 2
151 3
151 45
152 72
152 26
152 131
152 13
153 10
153 35
153 92
153 61
154 98
154 52
154 14
154 23
155 97
155 2
155 67
155 84
156 9
156 12
156 121
156 105
157 2
157 3
157 20
157 55
158 0
158 11
158 100
158 46
159 35
159 106
159 131
159 142
160 17
160 3
160 46
160 87
161 49
161 3
161 134
161 63
162 97
162 58
162 3
162 13
163 25
163 2
163 12
163 30
164 40
164 17
164 4
164 31
165 9
165 83
165 84
165 63
166 8
166 84
166 5
166 6
167 105
167 74
167 109
167 41
168 40
168 89
168 45
168 6
169 152
169 34
169 50
169 31
170 0
170 25
170 4
170 133
171 3
171 95
171 14
171 23
172 82
172 13
172 142
172 87
173 8
173 65
173 50
173 15
174 99
174 124
174 4
174 30
175 40
175 49
175 69
175 6
176 11
176 3
176 19
176 20
177 10
177 75
177 3
177 46
178 8
178 36
178 38
178 30
179 16
179 113
179 148
179 6
POSITIONS
60.430084 20.880278
74.098495 49.51646
31.482525 -44.06947
5.4828787 39.040195
-25.605446 -13.28561
51.852615 -68.62963
-46.795746 51.96151
55.48554 -10.645356
118.11869 1.1357408
-87.20725 -31.029753
0.82272834 -34.879482
18.221214 68.27253
-62.69038 -117.86404
144.29796 19.239388
28.856852 18.135723
-32.894646 -106.24798
72.82555 104.62093
-22.216896 -76.102516
63.171585 -144.1593
-24.55131 29.064716
45.432297 -117.578255
87.36616 -12.34168
-79.40302 0.029046385
68.77379 -95.764244
89.34983 77.45699
-1.1615858 7.25915
66.87206 -40.302567
-70.36075 140.9885
-11.444816 -130.67024
146.94933 51.150448
-100.06396 85.34199
8.12961 -65.97815
-18.063324 106.31171
-127.64548 -34.730476
115.16118 -62.139545
-48.86749 8.651016
-1.5101328 -100.372154
213.88864 75.18703
-125.63466 44.630726
83.792274 -67.50048
55.980244 76.01019
-95.00677 -221.5799
149.00293 82.98501
-130.69313 76.19719
-105.52582 -124.07974
-47.30605 118.84612
-102.15368 22.670849
169.68088 -181.89668
-56.36128 -22.29215
-90.22984 -62.882248
120.196205 69.376915
-119.502556 110.58906
100.759796 -94.588066
118.08965 37.56556
-141.80579 -189.96483
163.30827 -77.55791
-77.388214 107.89945
180.4013 89.266525
104.86945 105.33638
-29.25779 -44.959705
-47.640095 -181.05469
-78.59358 171.87964
91.08292 -159.7058
84.7662 191.61154
-197.50671 13.879717
36.702938 -167.38516
64.29376 135.49432
23.656929 -13.165635
133.24742 -88.41272
-95.02313 53.623146
-174.92938 -152.73788
156.69766 113.98567
-71.32014 31.408903
121.74773 -150.66075
42.19538 47.137024
-39.900803 -149.1628
258.2203 -81.98991
-188.93419 -51.15463
-15.605939 -257.89554
-70.22722 73.715355
-213.77443 -13.669711
18.588072 -203.88814
-165.68587 142.8595
220.86093 -19.214117
116.58779 229.11455
-186.64832 -89.88272
74.1221 -216.87146
-19.602005 138.15086
-215.42697 170.08878
174.99446 140.15721
-157.32791 48.893147
-109.99211 -193.33195
15.368026 233.36284
-165.52866 13.207707
-29.773125 -207.6022
-133.75647 141.13626
-59.70523 -54.110355
185.18277 -2.995521
-159.19882 -39.562614
-80.6427 -144.16116
-43.890995 158.9036
-179.74936 71.69559
217.3245 12.581933
-155.68065 289.99133
-258.46112 -125.524185
91.9087 19.298637
-121.98158 -66.10248
90.59146 -127.63403
11.642751 131.49109
-73.2895 -254.76517
220.32613 -117.56478
-71.67097 257.80493
-77.54276 -194.75555
63.931534 167.3604
-107.48556 -161.48445
169.64821 -37.646595
-42.257576 270.4086
-61.236332 -85.92315
209.2501 43.533646
-123.83402 -97.82269
160.69669 -141.139
-296.85666 -46.46184
-43.70712 -242.5893
13.006396 99.49989
10.126648 201.78766
193.97147 -99.415016
143.12009 142.93446
-244.05681 39.71718
123.397064 -118.74512
-40.143444 83.43476
-210.92055 -113.216484
211.66788 -72.76422
-181.4956 104.105
102.540016 -199.95648
41.854984 112.64783
-110.31629 -8.247731
157.36765 -109.331154
111.78872 136.54073
-179.69563 -121.10997
245.63298 67.23541
45.99378 265.89426
274.5119 -157.61157
-16.463608 62.24191
-156.11525 -99.46843
173.23222 32.847416
-14.713541 221.93785
28.780525 -90.39476
-133.48361 215.42386
-138.48198 -126.225914
4.732008 315.677
-164.31912 206.94139
-91.99431 -94.83458
250.42223 -6.9563107
-193.07773 192.96548
39.60291 -230.82272
200.88141 158.93196
-252.325 -88.249275
191.21571 -150.72827
-105.56932 198.78326
0.31981888 -230.1541
37.574623 185.45442
-151.215 114.32681
275.79086 56.53482
-101.98789 137.33127
-139.25311 -158.09741
230.69415 147.34009
7.21083 169.90614
14.685924 -292.8451
78.96151 253.56882
21.769323 -139.09273
137.44702 -178.49257
-36.812336 190.0461
-133.57545 13.669643
239.1058 -56.327232
-233.59833 81.65608
-10.856957 -162.64093
34.737183 153.57312
-217.63173 -81.92583
113.78564 -30.43226
-148.19495 178.98189
