NODES 60
EDGES 230
0 1
0 2
0 3
0 4
1 2
1 3
1 4
2 3
2 4
3 4
5 0
5 1
5 2
5 3
6 0
6 2
6 3
6 4
7 1
7 4
7 5
7 6
8 1
8 5
8 6
8 7
9 0
9 2
9 3
9 7
10 2
10 3
10 4
10 7
11 0
11 1
11 2
11 5
12 4
12 5
12 6
12 7
13 0
13 3
13 5
13 6
14 0
14 2
14 13
14 6
15 1
15 4
15 12
15 6
16 13
16 4
16 5
16 7
17 3
17 12
17 14
17 7
18 17
18 4
18 6
18 1
19 16
19 4
19 6
19 7
20 0
20 3
20 13
20 6
21 8
21 19
21 4
21 6
22 8
22 0
22 12
22 5
23 3
23 4
23 7
23 15
24 0
24 17
24 20
24 6
25 1
25 2
25 3
25 20
26 0
26 4
26 7
26 23
27 0
27 3
27 4
27 7
28 9
28 2
28 6
28 1
29 0
29 26
29 23
29 7
30 11
30 19
30 5
30 6
31 8
31 2
31 3
31 6
32 3
32 4
32 5
32 7
33 20
33 4
33 6
33 30
34 0
34 16
34 18
34 3
35 0
35 1
35 6
35 14
36 8
36 2
36 19
36 12
37 8
37 25
37 2
37 21
38 0
38 2
38 27
38 4
39 32
39 8
39 27
39 20
40 8
40 16
40 32
40 6
41 37
41 3
41 36
41 4
42 24
42 4
42 20
42 6
43 1
43 3
43 21
43 7
44 0
44 16
44 42
44 12
45 2
45 39
45 6
45 7
46 25
46 2
46 20
46 30
47 16
47 26
47 42
47 11
48 2
48 18
48 4
48 7
49 8
49 1
49 27
49 31
50 3
50 5
50 30
50 15
51 8
51 24
51 26
51 31
52 24
52 5
52 12
52 4
53 0
53 8
53 26
53 5
54 8
54 1
54 10
54 33
55 8
55 17
55 11
55 19
56 24
56 49
56 2
56 1
57 25
57 2
57 46
57 6
58 11
58 2
58 3
58 5
59 8
59 18
59 27
59 20
POSITIONS
-12.778574 -26.150503
14.821186 6.1274433
20.202095 -15.84206
-0.039372724 0.5010038
-6.3745184 17.051537
-25.65989 -5.8615375
12.7995825 -5.012093
-16.014908 23.756907
18.4812 30.873056
-1.023718 -29.679651
11.181748 25.06672
-28.954563 -21.286823
-29.030052 10.88081
-5.1866336 -36.28524
4.426344 -43.625275
-27.912287 26.890404
-36.840454 -0.46271428
-8.224815 -8.758677
15.504551 14.424691
-21.153955 36.678143
33.3724 -20.40121
9.830722 47.22861
-22.718653 4.734969
-42.216885 24.686674
20.464685 -31.72038
42.531654 -11.980473
-44.602413 2.8551052
29.704319 8.494473
15.485888 -29.138762
-51.29515 10.993596
-12.037759 0.026835902
40.865578 3.3122742
-3.089731 31.650536
26.304106 15.170234
-19.00391 -15.056776
10.428617 -38.27915
-8.78582 42.802525
27.620365 39.099644
8.263891 -17.873014
40.379124 24.815409
2.2940328 32.96937
0.23940541 48.330585
-2.1558068 -25.713083
1.5335414 40.431328
-37.76503 -25.356836
33.318203 16.630066
39.242718 -31.669395
-47.675602 -20.808933
6.369538 20.217546
51.59625 9.889963
-36.82461 12.985201
26.852705 -0.8862795
-17.71185 -9.504807
-37.363197 -8.46968
33.79761 34.85458
-27.447203 20.200739
49.023643 -13.810467
46.557007 -29.03188
-22.913603 -30.62006
44.798332 15.324183
