NODES 75
EDGES 290
0 1
0 2
0 3
0 4
1 2
1 3
1 4
2 3
2 4
3 4
5 0
5 2
5 3
5 4
6 2
6 3
6 4
6 5
7 0
7 3
7 4
7 6
8 2
8 3
8 6
8 7
9 0
9 3
9 6
9 7
10 0
10 1
10 3
10 4
11 0
11 1
11 4
11 5
12 2
12 4
12 6
12 7
13 9
13 10
13 3
13 5
14 0
14 1
14 2
14 6
15 0
15 1
15 13
15 9
16 9
16 11
16 5
16 7
17 9
17 13
17 1
17 6
18 1
18 2
18 3
18 7
19 11
19 4
19 14
19 15
20 0
20 9
20 4
20 17
21 0
21 9
21 3
21 14
22 8
22 0
22 20
22 13
23 9
23 2
23 4
23 5
24 1
24 3
24 6
24 15
25 0
25 18
25 3
25 13
26 24
26 9
26 2
26 8
27 16
27 8
27 18
27 13
28 9
28 27
28 4
28 23
29 0
29 9
29 2
29 14
30 0
30 9
30 2
30 3
31 0
31 3
31 29
31 15
32 17
32 3
32 21
32 23
33 0
33 1
33 5
33 9
34 0
34 16
34 10
34 22
35 16
35 9
35 0
35 23
36 8
36 18
36 15
36 7
37 26
37 3
37 4
37 31
38 0
38 1
38 12
38 16
39 0
39 17
39 2
39 6
40 1
40 27
40 15
40 31
41 0
41 9
41 5
41 7
42 35
42 18
42 3
42 4
43 17
43 27
43 9
43 7
44 9
44 35
44 21
44 15
45 17
45 10
45 3
45 5
46 0
46 44
46 38
46 7
47 0
47 41
47 9
47 16
48 1
48 5
48 14
48 15
49 2
49 28
49 6
49 31
50 2
50 26
50 20
50 13
51 18
51 3
51 4
51 39
52 11
52 3
52 4
52 31
53 44
53 28
53 38
53 23
54 40
54 1
54 4
54 6
55 2
55 18
55 47
55 23
56 0
56 1
56 40
56 4
57 17
57 33
57 6
57 7
58 0
58 49
58 13
58 7
59 26
59 3
59 5
59 6
60 10
60 53
60 6
60 47
61 24
61 25
61 6
61 46
62 32
62 10
62 3
62 58
63 0
63 57
63 58
63 53
64 16
64 57
64 3
64 0
65 8
65 18
65 4
65 15
66 0
66 9
66 26
66 39
67 17
67 4
67 12
67 14
68 9
68 11
68 44
68 55
69 9
69 61
69 6
69 7
70 35
70 68
70 6
70 55
71 64
71 3
71 5
71 15
72 0
72 16
72 3
72 7
73 49
73 3
73 20
73 41
74 1
74 27
74 68
74 46
POSITIONS
-4.79968 0.7062295
-50.071136 48.54389
21.996984 -62.19253
12.807945 31.376108
-62.103943 -27.787672
18.921154 -20.748793
-28.793716 21.867403
-61.94363 -65.6314
66.31045 14.286278
-35.67298 -45.81218
68.69539 -60.828663
47.932846 82.391594
-140.76654 -92.77363
35.199493 6.7771287
-26.305853 95.93693
-3.7873743 -43.247982
-18.273413 52.079224
-116.66031 7.0432506
44.717594 -39.659866
-29.321436 150.86536
-72.33726 -100.40254
94.874985 -0.15427996
-33.25901 -13.915204
22.538157 -108.2723
31.550364 133.0451
-86.9053 -4.716842
127.658745 -1.2846842
-4.310664 119.17796
-49.494804 -122.80995
68.700905 58.049747
-75.70414 67.70149
97.86788 -31.999392
7.5855813 70.924255
-104.276955 -102.30813
129.55438 31.091557
-57.254307 7.25309
31.586433 -167.69765
134.47873 77.10173
-132.39525 -20.818954
67.94672 -17.670328
-76.74526 132.74268
-21.444859 -150.43546
98.99461 68.32367
-171.97464 46.39542
47.819027 -88.664665
22.845633 102.251785
-139.13353 29.813131
88.22413 -92.03498
-101.26208 112.177574
37.894276 -136.32977
174.43756 -19.856962
-79.47636 35.9199
120.70965 -63.39159
44.22934 37.448727
-172.69405 14.403507
162.49765 -132.8785
-162.87111 82.8373
-32.279655 -77.626884
93.09909 31.79409
-87.82875 -46.82195
174.6831 -51.856625
-121.66678 161.63628
-7.8523746 -98.27381
162.13704 53.160576
-55.65865 108.675865
69.81628 -138.516
107.04612 107.69302
-205.11926 -15.999107
144.14275 -30.166424
-131.3846 77.12771
106.47217 -118.32202
75.04522 105.40729
-112.93974 48.195038
19.933067 -203.11816
-6.3018303 182.65768
