NODES 90
EDGES 177
0 1
0 2
1 2
3 0
3 2
4 2
4 3
5 0
5 3
6 0
6 2
7 0
7 3
8 3
8 6
9 5
9 7
10 0
10 5
11 8
11 2
12 0
12 4
13 2
13 3
14 2
14 10
15 4
15 14
16 1
16 9
17 0
17 14
18 0
18 2
19 0
19 2
20 0
20 14
21 8
21 2
22 5
22 15
23 22
23 15
24 2
24 3
25 8
25 11
26 0
26 6
27 3
27 15
28 0
28 2
29 17
29 27
30 2
30 4
31 10
31 14
32 20
32 15
33 16
33 9
34 0
34 26
35 2
35 3
36 18
36 2
37 24
37 26
38 8
38 6
39 16
39 17
40 3
40 15
41 8
41 34
42 33
42 38
43 0
43 4
44 11
44 29
45 34
45 3
46 3
46 15
47 2
47 44
48 0
48 2
49 3
49 14
50 8
50 49
51 36
51 15
52 0
52 4
53 19
53 46
54 2
54 29
55 16
55 19
56 40
56 23
57 33
57 44
58 0
58 3
59 25
59 4
60 10
60 23
61 19
61 30
62 46
62 14
63 40
63 14
64 9
64 20
65 20
65 62
66 23
66 15
67 48
67 3
68 25
68 29
69 2
69 3
70 2
70 45
71 1
71 20
72 65
72 6
73 33
73 1
74 1
74 47
75 8
75 62
76 4
76 38
77 24
77 16
78 4
78 29
79 64
79 62
80 35
80 15
81 0
81 5
82 3
82 6
83 0
83 35
84 43
84 37
85 48
85 0
86 0
86 2
87 26
87 68
88 34
88 5
89 1
89 5
POSITIONS
-6.6903205 9.669221
-42.970802 31.8414
-4.9429646 -10.325793
21.644674 -10.347943
2.5202405 -0.8811722
6.900538 32.381092
4.657523 -36.33281
-12.579056 24.539127
13.850734 -52.63089
-32.459076 48.659115
32.98143 47.11666
-22.565022 -40.448605
4.546407 11.306498
13.438248 -20.118332
37.77807 34.039295
60.910862 30.64389
-59.215878 43.12889
-15.070735 32.93156
12.745117 0.2935799
-21.08785 34.133778
20.34151 49.378555
12.938931 -42.894886
58.707123 45.98136
81.80103 48.810295
-33.354866 -18.533413
-15.879811 -58.24066
-29.349424 -43.741314
22.069715 12.087053
-14.389223 -1.651245
-36.40603 -0.7489716
-10.050352 19.82968
41.60761 54.25075
48.94867 52.148132
-71.3793 25.699465
-8.341467 -45.773407
37.751167 -5.1718917
32.999065 1.6948806
-49.783783 -40.14655
-18.616123 -47.070072
-45.125473 50.68411
73.95753 21.024828
4.182492 -66.31444
-59.564884 -17.43226
-29.742167 -12.628021
-60.05235 -11.370674
6.2652645 -48.43583
40.737556 24.294895
-54.249874 -2.8986669
-15.756082 -14.511437
47.24135 -11.16857
41.91805 -42.494453
59.46566 13.783625
1.5880691 15.435612
11.350161 41.851368
-33.09752 -7.08903
-50.527016 49.160667
91.97258 36.181614
-79.68849 6.7801847
14.547946 4.7345934
-6.6702456 -37.78205
66.79963 58.1572
-18.699009 42.000374
48.38129 25.977762
71.02408 31.771318
5.3899155 65.92954
43.880737 17.436893
84.91335 42.63412
5.817314 -23.01004
-40.801353 -47.709766
17.809956 -22.583754
0.7601205 -44.650684
-14.594815 55.43228
36.827724 -18.781582
-70.81256 35.001766
-62.948082 14.815985
45.37865 -22.160423
-13.901304 -32.700657
-57.602222 14.439363
-27.987509 5.728858
30.29567 61.28258
63.49873 8.007628
-2.005975 33.217426
23.708376 -35.193893
24.61729 4.563675
-53.60307 -33.060764
-22.803574 -5.6048737
-18.05381 0.69699085
-44.14848 -58.24423
-4.919604 -20.212069
-25.652414 43.543594
