NODES 135
EDGES 530
0 1
0 2
0 3
0 4
1 2
1 3
1 4
2 3
2 4
3 4
5 1
5 2
5 3
5 4
6 0
6 2
6 4
6 5
7 1
7 2
7 4
7 6
8 0
8 3
8 5
8 6
9 0
9 8
9 3
9 7
10 9
10 3
10 4
10 5
11 9
11 2
11 4
11 5
12 0
12 2
12 4
12 5
13 1
13 3
13 9
13 7
14 5
14 2
14 12
14 13
15 5
15 3
15 13
15 7
16 0
16 8
16 3
16 1
17 1
17 4
17 15
17 7
18 0
18 13
18 12
18 5
19 2
19 12
19 13
19 7
20 17
20 3
20 12
20 7
21 0
21 2
21 3
21 4
22 0
22 3
22 20
22 7
23 21
23 5
23 14
23 7
24 0
24 1
24 3
24 8
25 8
25 10
25 3
25 6
26 17
26 5
26 19
26 13
27 17
27 10
27 4
27 21
28 10
28 2
28 5
28 14
29 16
29 0
29 2
29 3
30 1
30 5
30 22
30 14
31 11
31 8
31 3
31 7
32 1
32 2
32 4
32 12
33 0
33 28
33 5
33 22
34 24
34 25
34 2
34 7
35 5
35 4
35 28
35 12
36 24
36 2
36 18
36 15
37 0
37 11
37 3
37 6
38 2
38 34
38 15
38 7
39 10
39 5
39 38
39 14
40 9
40 26
40 13
40 30
41 0
41 12
41 21
41 6
42 11
42 12
42 13
42 31
43 0
43 5
43 22
43 31
44 0
44 32
44 20
44 28
45 19
45 3
45 36
45 5
46 0
46 25
46 13
46 7
47 0
47 7
47 14
47 22
48 25
48 2
48 4
48 37
49 40
49 25
49 6
49 7
50 25
50 28
50 4
50 22
51 3
51 45
51 38
51 47
52 33
52 51
52 12
52 13
53 48
53 24
53 44
53 21
54 32
54 3
54 38
54 7
55 18
55 52
55 37
55 23
56 1
56 3
56 20
56 7
57 34
57 45
57 54
57 31
58 24
58 25
58 20
58 53
59 24
59 55
59 22
59 6
60 8
60 13
60 3
60 5
61 24
61 25
61 46
61 31
62 2
62 11
62 28
62 7
63 56
63 1
63 3
63 5
64 33
64 34
64 11
64 20
65 48
65 3
65 46
65 7
66 40
66 16
66 3
66 6
67 56
67 0
67 27
67 6
68 3
68 53
68 30
68 7
69 8
69 25
69 62
69 7
70 8
70 3
70 19
70 14
71 3
71 64
71 43
71 27
72 3
72 37
72 62
72 7
73 12
73 50
73 4
73 5
74 0
74 2
74 3
74 47
75 72
75 1
75 50
75 7
76 40
76 41
76 12
76 7
77 72
77 68
77 5
77 76
78 40
78 1
78 19
78 47
79 64
79 49
79 3
79 7
80 78
80 12
80 62
80 22
81 21
81 3
81 45
81 63
82 19
82 12
82 5
82 7
83 0
83 16
83 45
83 47
84 0
84 20
84 21
84 71
85 3
85 50
85 83
85 45
86 8
86 57
86 46
86 39
87 51
87 5
87 38
87 22
88 41
88 66
88 35
88 78
89 43
89 2
89 5
89 37
90 41
90 10
90 3
90 20
91 18
91 39
91 5
91 63
92 40
92 82
92 59
92 22
93 5
93 12
93 4
93 7
94 0
94 5
94 19
94 37
95 56
95 1
95 48
95 22
96 94
96 36
96 22
96 39
97 40
97 65
97 80
97 63
98 80
98 68
98 85
98 79
99 2
99 12
99 30
99 15
100 45
100 5
100 70
100 15
101 96
101 81
101 26
101 70
102 89
102 4
102 47
102 31
103 97
103 12
103 78
103 1
104 0
104 73
104 34
104 60
105 16
105 72
105 90
105 10
106 89
106 2
106 45
106 13
107 40
107 105
107 34
107 19
108 16
108 3
108 85
108 5
109 33
109 51
109 12
109 1
110 89
110 26
110 4
110 94
111 5
111 99
111 85
111 62
112 41
112 2
112 109
112 39
113 89
113 10
113 77
113 31
114 50
114 4
114 42
114 7
115 3
115 20
115 14
115 39
116 72
116 40
116 44
116 71
117 0
117 68
117 71
117 7
118 96
118 2
118 11
118 5
119 105
119 18
119 3
119 7
120 10
120 19
120 5
120 103
121 11
121 45
121 37
121 54
122 64
122 8
122 18
122 92
123 0
123 21
123 110
123 30
124 117
124 3
124 108
124 4
125 120
125 92
125 13
125 14
126 62
126 58
126 3
126 6
127 16
127 17
127 52
127 21
128 19
128 8
128 11
128 29
129 16
129 73
129 51
129 87
130 9
130 4
130 38
130 63
131 32
131 104
131 5
131 15
132 113
132 83
132 6
132 127
133 16
133 98
133 22
133 127
134 0
134 76
134 6
134 15
POSITIONS
-37.402115 -0.5585564
-3.03246 28.339058
4.7501564 -24.018972
6.5358214 11.83382
-7.459249 0.36135635
-6.419945 -43.074318
-16.618692 24.957811
29.414911 28.639196
51.057877 -7.4500685
47.59953 7.151884
21.198406 14.121
44.939533 -36.61773
-21.177103 -10.714591
37.212276 -16.69626
14.495425 -34.429375
9.830176 -49.327282
-58.824127 20.96243
-24.380003 28.035418
2.9210649 -35.849686
38.323383 -25.799576
-7.298587 52.15492
-58.47639 10.446234
-36.128452 16.385693
-33.10379 -34.825478
42.80563 19.562948
63.896454 39.537617
24.347317 -33.245316
-47.321606 44.30941
-12.624278 10.21591
-13.271055 -17.749592
-28.441225 17.819214
50.865704 -26.161324
9.422693 -12.152615
-56.258293 -14.398116
67.48309 -3.512746
-50.805805 2.8650212
19.534512 -67.8612
-10.399655 -27.40729
34.208504 -52.918755
33.6308 -63.540264
19.100916 56.865707
-63.21982 30.387562
63.12372 -23.71953
-35.46421 -24.679535
-21.552685 60.048054
1.297636 -68.213
73.56689 17.852203
-49.28337 -21.465588
32.237736 46.120457
34.58048 72.15318
2.4778364 36.295727
-49.150124 -61.03876
-64.986 -36.389988
2.78217 75.65221
56.02261 -43.677605
-49.03773 -45.378036
3.4270678 54.963444
76.23237 -51.257732
48.278786 71.17464
-22.283188 6.772146
36.26696 -41.797752
87.490074 15.810622
40.759197 38.37293
34.48541 0.18123908
12.762416 38.333958
59.657936 55.58784
-39.250294 55.590553
-50.499767 49.49648
-23.901867 74.578735
75.755165 35.643265
52.524506 -57.567856
-43.060806 62.778973
12.64973 65.5392
-28.67012 -41.603943
-41.61136 -20.93719
23.303886 70.133194
-34.575607 40.67932
-27.870966 43.52237
-15.809505 51.899918
10.643127 79.89116
-10.491699 72.193344
18.037996 -45.412918
23.09989 -6.7467003
-74.786476 -16.246561
-62.06807 48.359077
-46.041996 18.928484
85.82452 -36.248123
-41.232677 -65.34095
-67.056946 55.03489
-27.984293 -67.499306
-12.332172 63.436108
26.448895 -59.725174
19.674133 24.755665
0.93058276 -9.979341
-14.119184 -68.628624
-1.8758544 64.46658
14.043151 -87.209465
42.209892 74.69469
-44.87831 83.642456
-23.499735 -31.154354
26.12575 -85.02734
45.00599 -81.29002
-20.962801 -54.914677
27.182121 53.56187
15.1650915 -58.114517
14.191075 72.224655
-0.37469473 -77.84079
57.412437 43.610115
-51.852592 25.05775
-58.321465 -34.36764
-34.111618 -58.798317
-11.817349 -11.212825
-41.4003 -42.949703
-30.67473 -18.65002
50.74868 21.480106
24.19449 -13.938402
-12.512744 91.748886
-37.18549 68.848724
21.933693 -78.19824
23.187132 41.00897
57.14008 5.651158
37.505947 -73.09481
37.21432 8.199215
-69.50524 -11.616901
-40.519085 45.797264
61.37767 -2.297331
39.334095 59.227154
-89.192184 15.35068
59.320538 -37.03033
-68.34963 -54.805546
58.944267 -17.616657
9.862708 -72.228424
-83.22507 -0.5047932
-83.20572 46.867306
-49.385616 -2.3626218
