NODES 60
EDGES 174
0 1
0 2
0 3
1 2
1 3
2 3
4 1
4 2
4 3
5 1
5 2
5 3
6 1
6 2
6 5
7 0
7 3
7 6
8 1
8 3
8 6
9 1
9 2
9 3
10 3
10 4
10 6
11 2
11 3
11 5
12 8
12 10
12 5
13 4
13 6
13 7
14 13
14 4
14 5
15 8
15 1
15 10
16 9
16 5
16 1
17 13
17 3
17 5
18 1
18 3
18 5
19 18
19 4
19 5
20 2
20 12
20 6
21 1
21 2
21 13
22 5
22 14
22 6
23 1
23 5
23 14
24 13
24 5
24 6
25 8
25 10
25 21
26 1
26 21
26 22
27 16
27 21
27 14
28 24
28 26
28 10
29 8
29 3
29 14
30 18
30 3
30 21
31 10
31 2
31 19
32 0
32 27
32 5
33 24
33 8
33 22
34 11
34 20
34 5
35 8
35 1
35 3
36 3
36 12
36 15
37 9
37 3
37 12
38 16
38 5
38 6
39 8
39 10
39 4
40 3
40 4
40 5
41 11
41 12
41 5
42 20
42 5
42 30
43 8
43 10
43 14
44 8
44 1
44 3
45 2
45 36
45 15
46 10
46 26
46 4
47 1
47 5
47 14
48 46
48 29
48 38
49 5
49 46
49 47
50 5
50 14
50 23
51 48
51 3
51 47
52 48
52 24
52 2
53 26
53 3
53 5
54 48
54 47
54 15
55 1
55 51
55 28
56 3
56 12
56 13
57 16
57 52
57 5
58 3
58 4
58 14
59 32
59 19
59 30
POSITIONS
14.173358 60.729916
-8.519516 -26.374428
-9.553139 -61.702297
-21.57544 40.100674
-61.03386 19.975163
16.813135 2.3366315
-38.730003 -8.093485
-41.18056 -69.19126
28.502497 32.125683
-37.38759 102.53749
-49.93844 -101.63895
76.962685 47.86908
-82.49072 -66.60337
51.040737 9.405948
23.741446 103.37667
4.893532 -165.23073
46.29041 72.15863
-72.355705 -13.905173
19.53034 -48.36116
-12.98944 79.90033
-14.172775 -139.531
95.72023 21.946514
-76.08884 76.47713
33.35027 -77.22452
126.04691 11.7604065
-53.20528 -39.537327
37.631107 -21.956245
64.75287 204.61061
93.172165 -163.0549
22.666752 161.94418
-43.780186 71.1817
52.782436 -141.94594
-36.190216 185.11192
-104.001755 -18.656734
160.36667 -66.834595
-73.143486 115.57011
18.939886 -127.061
55.73428 102.73024
-136.84259 15.351343
79.98587 -108.09084
-52.911617 140.36267
-65.88413 -129.38304
127.411896 -20.208456
-110.46366 37.464916
65.245766 -79.68641
106.58817 -44.49433
-148.14983 -72.256905
51.436054 -50.82275
-158.59485 61.792713
-49.532917 -167.3435
145.8502 66.56012
-92.29392 11.125865
96.8903 -74.98347
69.228455 131.74156
-132.28156 -120.41074
128.15205 -68.16033
-118.359634 68.47501
143.10239 -106.988846
-4.9826818 178.04745
-150.4194 166.97392
