NODES 120
EDGES 470
0 1
0 2
0 3
0 4
1 2
1 3
1 4
2 3
2 4
3 4
5 0
5 1
5 2
5 4
6 0
6 1
6 2
6 4
7 1
7 2
7 4
7 5
8 1
8 2
8 4
8 7
9 0
9 1
9 4
9 7
10 0
10 1
10 4
10 7
11 8
11 1
11 4
11 5
12 9
12 11
12 1
12 7
13 2
13 11
13 12
13 5
14 8
14 1
14 10
14 4
15 5
15 4
15 13
15 6
16 10
16 11
16 4
16 15
17 10
17 4
17 6
17 7
18 2
18 3
18 4
18 15
19 0
19 1
19 4
19 13
20 16
20 17
20 19
20 5
21 17
21 18
21 11
21 14
22 10
22 11
22 21
22 15
23 4
23 5
23 6
23 15
24 10
24 2
24 4
24 15
25 11
25 2
25 19
25 7
26 16
26 0
26 20
26 25
27 16
27 3
27 4
27 13
28 19
28 17
28 11
28 14
29 9
29 5
29 1
29 7
30 8
30 1
30 22
30 17
31 17
31 5
31 28
31 4
32 1
32 2
32 11
32 4
33 0
33 11
33 4
33 21
34 0
34 2
34 19
34 5
35 9
35 18
35 11
35 4
36 0
36 10
36 18
36 5
37 8
37 1
37 34
37 3
38 17
38 26
38 6
38 15
39 1
39 2
39 26
39 35
40 21
40 27
40 5
40 7
41 3
41 1
41 2
41 27
42 2
42 18
42 4
42 22
43 32
43 1
43 10
43 7
44 9
44 10
44 19
44 15
45 16
45 19
45 11
45 4
46 17
46 10
46 4
46 37
47 9
47 26
47 5
47 15
48 8
48 1
48 26
48 47
49 8
49 17
49 4
49 29
50 1
50 13
50 5
50 47
51 4
51 45
51 44
51 7
52 40
52 25
52 44
52 17
53 1
53 2
53 28
53 47
54 32
54 2
54 19
54 4
55 1
55 2
55 46
55 7
56 8
56 1
56 43
56 7
57 8
57 9
57 4
57 29
58 11
58 43
58 5
58 55
59 0
59 45
59 53
59 6
60 8
60 26
60 5
60 22
61 0
61 59
61 12
61 21
62 57
62 2
62 44
62 31
63 0
63 1
63 18
63 36
64 3
64 19
64 4
64 20
65 43
65 27
65 46
65 35
66 0
66 17
66 2
66 37
67 48
67 16
67 18
67 4
68 40
68 2
68 59
68 45
69 16
69 0
69 34
69 46
70 8
70 42
70 20
70 38
71 0
71 1
71 5
71 69
72 56
72 58
72 44
72 46
73 56
73 1
73 34
73 28
74 40
74 1
74 5
74 33
75 17
75 11
75 69
75 7
76 9
76 34
76 3
76 12
77 60
77 28
77 14
77 7
78 56
78 26
78 61
78 6
79 8
79 26
79 12
79 31
80 1
80 59
80 44
80 17
81 49
81 10
81 63
81 79
82 16
82 1
82 0
82 47
83 42
83 15
83 38
83 7
84 80
84 19
84 59
84 7
85 41
85 34
85 70
85 63
86 8
86 9
86 10
86 16
87 8
87 1
87 4
87 41
88 40
88 24
88 83
88 4
89 16
89 29
89 19
89 5
90 19
90 11
90 28
90 77
91 56
91 1
91 42
91 54
92 26
92 11
92 47
92 31
93 73
93 34
93 83
93 47
94 57
94 19
94 4
94 69
95 41
95 3
95 4
95 37
96 2
96 28
96 13
96 7
97 40
97 10
97 68
97 5
98 16
98 78
98 59
98 38
99 58
99 15
99 79
99 7
100 72
100 11
100 12
100 47
101 56
101 10
101 72
101 28
102 1
102 59
102 77
102 69
103 12
103 3
103 20
103 5
104 0
104 49
104 19
104 63
105 5
105 12
105 101
105 6
106 32
106 34
106 12
106 14
107 16
107 19
107 5
107 63
108 73
108 43
108 62
108 7
109 10
109 4
109 87
109 84
110 48
110 26
110 18
110 45
111 1
111 19
111 5
111 6
112 19
112 5
112 102
112 15
113 7
113 60
113 71
113 47
114 32
114 59
114 3
114 1
115 17
115 4
115 5
115 38
116 11
116 4
116 5
116 15
117 57
117 26
117 77
117 6
118 25
118 98
118 11
118 7
119 10
119 3
119 82
119 43
POSITIONS
-39.628155 21.795578
-1.4347003 11.0076475
13.48878 27.46385
-29.124237 68.18246
-6.3767524 28.404875
-15.079142 -21.558638
3.5231864 -47.62819
35.40839 -3.6666727
28.974758 18.483284
15.033522 11.636593
14.093616 40.42957
21.880278 -19.542862
46.54105 -11.649537
8.413895 -20.21885
41.251865 9.4835
23.872091 -36.086872
-48.504124 -5.6257014
15.546368 -3.782792
-30.546713 41.02182
-33.97399 -14.644341
-39.455017 -17.688105
6.1273527 3.4057674
50.874435 -0.10864767
4.6978245 -38.082714
32.6922 35.185528
0.17307374 -40.17015
-18.767635 -59.587147
-23.333858 55.183384
50.90822 -40.21454
-7.5391545 -9.7805395
48.01047 12.339123
40.411964 -41.411724
27.421097 47.740654
-27.667795 22.517393
13.800519 52.31397
3.14294 49.18318
-47.153667 44.665318
6.728128 78.90189
27.45319 -49.9834
-16.987692 12.83468
-25.848373 14.172949
-21.028349 81.69181
44.47721 36.358555
56.602142 49.745148
34.52529 -20.190527
-61.585987 -13.595942
36.28797 54.97801
-0.1691222 -56.22576
-40.534615 -33.62955
-15.49659 40.61193
-11.686301 -47.75407
-12.275677 -5.5081544
1.5614564 -22.272198
-17.12186 -39.369358
30.833223 44.81615
53.772594 30.757753
71.65546 3.88142
18.711937 -23.818714
76.31865 10.719858
-56.09606 -36.411213
19.87055 -58.029766
-15.743062 -40.998043
64.03049 -18.169748
-52.647964 53.77605
-56.401638 26.531761
29.102848 81.62495
-5.5956783 58.12227
-59.86247 14.764642
-66.133224 6.0101094
-35.428875 5.208175
24.450184 27.130629
-46.656948 -26.619225
87.40112 0.17202893
70.482994 20.400774
-46.655643 13.19231
6.172911 -12.530396
24.257542 60.919838
34.801525 -66.12799
4.22009 -70.18883
53.521408 -18.441214
-29.676891 -30.274397
-4.6868553 56.54041
-45.092728 8.335862
63.85717 -6.8832054
-50.456203 -15.452659
-10.43473 83.13526
1.4341983 39.584103
-12.86771 59.76124
37.39283 29.150784
-48.98183 -30.888975
26.947334 -63.90359
62.79329 39.972046
17.042717 -72.11388
60.603344 8.151069
-30.377728 -5.013889
-19.61773 90.14148
51.56872 -26.510906
-51.166847 21.89341
-22.205536 -74.27867
73.70451 -20.569866
64.18013 -36.692387
82.6276 -13.441916
-40.179607 -51.970005
-23.576054 3.262742
-61.670517 39.57891
53.210262 -45.33014
53.13214 45.00421
-67.60056 2.9647608
86.82162 19.443666
-34.612396 51.270645
-66.098404 -25.48496
-29.174173 -40.450214
-31.967968 -57.3191
-3.0409877 -66.1603
-38.124573 38.316208
11.288792 -36.535767
3.3676276 -26.98921
11.875012 -79.4349
12.705216 -61.639683
0.7704618 70.41977
