NODES 195
EDGES 579
0 1
0 2
0 3
1 2
1 3
2 3
4 0
4 1
4 2
5 1
5 2
5 4
6 3
6 4
6 5
7 0
7 1
7 2
8 4
8 5
8 6
9 1
9 2
9 5
10 8
10 1
10 5
11 0
11 2
11 4
12 5
12 6
12 7
13 3
13 4
13 5
14 0
14 11
14 4
15 8
15 10
15 11
16 0
16 12
16 5
17 10
17 4
17 5
18 0
18 4
18 6
19 8
19 2
19 6
20 2
20 6
20 15
21 0
21 17
21 13
22 0
22 11
22 5
23 1
23 13
23 14
24 17
24 22
24 23
25 0
25 9
25 2
26 1
26 12
26 4
27 0
27 18
27 13
28 3
28 5
28 7
29 0
29 8
29 14
30 1
30 11
30 21
31 20
31 4
31 15
32 1
32 3
32 21
33 8
33 20
33 5
34 3
34 21
34 6
35 0
35 2
35 13
36 0
36 9
36 30
37 13
37 29
37 6
38 1
38 2
38 7
39 0
39 1
39 20
40 37
40 13
40 39
41 1
41 28
41 6
42 20
42 22
42 39
43 9
43 2
43 29
44 42
44 5
44 29
45 0
45 34
45 26
46 32
46 13
46 5
47 45
47 6
47 22
48 0
48 4
48 29
49 2
49 6
49 7
50 18
50 27
50 46
51 41
51 4
51 29
52 8
52 17
52 45
53 28
53 47
53 7
54 26
54 27
54 45
55 0
55 2
55 42
56 8
56 5
56 21
57 41
57 4
57 45
58 1
58 52
58 17
59 34
59 29
59 6
60 20
60 5
60 30
61 1
61 10
61 20
62 8
62 17
62 1
63 40
63 13
63 47
64 21
64 5
64 54
65 0
65 29
65 5
66 8
66 41
66 17
67 64
67 8
67 4
68 0
68 24
68 25
69 0
69 2
69 35
70 16
70 4
70 12
71 42
71 52
71 63
72 17
72 2
72 11
73 9
73 26
73 45
74 0
74 52
74 5
75 4
75 20
75 63
76 26
76 29
76 5
77 0
77 64
77 5
78 9
78 2
78 4
79 0
79 9
79 11
80 1
80 26
80 12
81 8
81 74
81 20
82 8
82 1
82 7
83 40
83 48
83 5
84 0
84 9
84 51
85 65
85 1
85 69
86 11
86 10
86 59
87 24
87 4
87 13
88 26
88 78
88 39
89 76
89 5
89 7
90 34
90 7
90 23
91 11
91 4
91 23
92 7
92 85
92 23
93 0
93 10
93 61
94 91
94 52
94 4
95 40
95 2
95 54
96 16
96 9
96 2
97 0
97 1
97 93
98 80
98 33
98 5
99 16
99 83
99 6
100 4
100 5
100 7
101 0
101 9
101 5
102 0
102 51
102 44
103 69
103 14
103 23
104 8
104 0
104 5
105 0
105 25
105 5
106 1
106 5
106 31
107 1
107 106
107 22
108 104
108 58
108 5
109 32
109 54
109 14
110 4
110 6
110 7
111 8
111 22
111 14
112 17
112 93
112 1
113 8
113 12
113 5
114 45
114 67
114 69
115 59
115 29
115 7
116 27
116 5
116 22
117 9
117 11
117 47
118 32
118 8
118 13
119 59
119 85
119 62
120 109
120 74
120 45
121 2
121 94
121 7
122 2
122 4
122 29
123 48
123 20
123 103
124 100
124 4
124 55
125 93
125 5
125 6
126 0
126 3
126 85
127 40
127 51
127 124
128 8
128 1
128 116
129 110
129 20
129 30
130 67
130 100
130 31
131 0
131 34
131 13
132 19
132 29
132 30
133 112
133 65
133 92
134 26
134 11
134 37
135 10
135 14
135 23
136 1
136 29
136 23
137 8
137 3
137 5
138 109
138 91
138 13
139 35
139 45
139 103
140 9
140 4
140 85
141 2
141 5
141 54
142 5
142 52
142 20
143 10
143 45
143 119
144 3
144 109
144 71
145 99
145 6
145 87
146 113
146 107
146 117
147 9
147 34
147 101
148 90
148 5
148 98
149 134
149 4
149 6
150 0
150 130
150 141
151 18
151 6
151 55
152 146
152 84
152 22
153 40
153 10
153 147
154 10
154 2
154 27
155 121
155 25
155 31
156 38
156 42
156 14
157 0
157 2
157 135
158 129
158 146
158 11
159 10
159 116
159 4
160 65
160 83
160 69
161 109
161 6
161 7
162 10
162 84
162 69
163 1
163 26
163 2
164 90
164 4
164 7
165 67
165 84
165 29
166 17
166 153
166 85
167 160
167 27
167 76
168 5
168 29
168 23
169 18
169 58
169 143
170 65
170 26
170 90
171 169
171 51
171 4
172 160
172 107
172 70
173 8
173 9
173 134
174 0
174 58
174 12
175 66
175 6
175 47
176 101
176 27
176 13
177 8
177 166
177 7
178 8
178 139
178 140
179 25
179 166
179 14
180 24
180 4
180 126
181 0
181 25
181 100
182 40
182 124
182 47
183 8
183 130
183 26
184 5
184 22
184 47
185 8
185 4
185 13
186 96
186 9
186 159
187 13
187 30
187 22
188 51
188 14
188 7
189 180
189 13
189 47
190 52
190 85
190 6
191 152
191 140
191 13
192 8
192 54
192 23
193 65
193 6
193 47
194 168
194 11
194 5
POSITIONS
63.162674 56.3119
-70.519936 -15.752781
-8.565675 6.012584
11.976081 81.23442
-35.071587 -20.695072
-36.260628 25.350124
5.3758345 -31.78887
6.9543104 -63.7408
24.195328 -5.92207
-0.7056739 51.846806
-87.29237 -118.92083
-20.423727 77.03345
-51.574226 -122.4453
84.14058 103.655624
-119.9924 49.21766
39.932796 -125.0589
68.15407 -148.91992
-149.92229 -21.22467
-14.478614 -87.479675
-24.186766 154.08124
-21.864487 -49.83641
-49.126713 131.6631
5.148035 139.08104
17.026281 25.237484
109.944016 135.17624
19.675375 197.9774
54.28514 -96.44561
31.231955 53.852875
-120.663574 -69.9874
98.20412 24.707985
-168.94012 119.91639
-32.92656 -176.7368
-88.14553 52.2817
-182.03358 -28.487434
113.084236 83.064255
69.79601 205.75499
-75.176956 -70.97236
101.77663 206.86865
-172.9194 -76.786194
38.275913 -34.611244
-78.74035 246.81178
-116.982376 -106.9897
147.0888 10.636897
-95.19557 161.34828
164.89854 -98.78507
69.256805 -26.62206
-106.651 103.47332
133.58632 48.412106
21.721754 111.70486
-52.93982 -201.70526
100.30444 165.69191
-69.74932 23.246675
78.5457 -57.246597
45.02872 82.705574
-122.731895 -38.06047
102.40383 -35.938316
-40.70696 189.49794
-16.077578 -241.14577
-171.92282 67.324684
-56.475906 -44.476315
38.8132 -66.596176
-216.78183 -67.03019
-221.65622 -153.6039
177.78487 178.90347
-230.62807 22.537083
77.808464 -118.11621
95.13845 56.551437
-122.71933 -138.47421
228.38907 153.45834
-42.235588 100.41723
11.674512 -306.12613
324.81454 74.135574
-233.88025 61.74765
194.52316 -169.3641
183.79459 27.276299
-25.611689 -141.14935
239.52077 -59.41299
-200.80515 122.83372
-21.30452 -206.55734
66.445114 237.58414
-195.64816 -134.96059
177.08095 -69.195724
-75.61276 95.695175
-91.16155 -43.271294
196.76012 79.57109
-191.49716 22.378202
52.858234 -231.06323
34.04723 226.56783
-35.71045 -315.83246
251.63313 -89.013054
-102.43047 -13.328657
23.941116 -217.37244
94.25544 -90.66123
-147.29692 -117.20907
142.89336 -196.57175
-164.62128 207.54889
20.37876 -185.58409
110.22083 -4.9204617
-319.39664 2.0774643
-3.4796176 -164.25238
-58.865833 65.16855
-113.04336 134.80733
225.05305 6.843392
-26.98762 262.36465
-43.287388 -73.61906
118.26179 234.33168
-128.86476 -172.21294
53.793896 -199.07416
-72.49716 215.43759
-152.54431 -193.73494
49.32837 27.456316
-175.30452 177.38902
-122.62847 -257.84338
135.61877 -69.834175
-227.03978 -17.005352
209.07542 -69.18906
37.094902 140.79106
22.34641 -98.32121
178.06581 140.25468
-345.874 -113.616066
110.55219 -237.80745
163.92804 58.57971
-65.74503 -151.13722
132.28825 166.5136
-158.5045 150.16228
-132.77399 -218.89241
59.558224 173.63351
-272.10184 209.8348
108.42114 -127.396034
-124.19651 235.81181
-154.01271 -264.09073
280.28375 113.25839
-98.69107 283.99033
121.724205 -325.21478
209.77043 179.47885
-164.92969 -143.9093
199.0526 -25.547882
-13.580344 206.88158
-28.826433 -284.5817
179.43547 279.23563
-101.74603 22.927336
26.917875 -154.27011
77.379745 134.9407
-259.68835 -185.58466
249.01779 -28.867937
-127.24648 167.2047
200.6118 -211.81946
1.9014927 276.11902
-292.2111 -18.763273
210.96011 44.163284
-154.93823 10.374386
17.35568 -265.67715
322.58148 34.761574
-242.73589 195.65205
86.18049 -175.35944
97.254814 258.4678
-239.2626 -126.892006
124.87422 -99.96353
-72.120674 183.44633
-80.25588 -185.044
176.36263 -143.02228
-228.98405 -96.59862
196.89723 -98.77715
53.678288 113.441986
-181.38986 -179.89252
259.94217 1.1952468
-349.74106 102.84253
317.0637 -132.52914
149.35765 193.58005
-324.44183 -71.68149
221.06993 -187.2126
-289.6003 37.3241
138.37901 -384.66324
254.37978 172.12608
-203.57416 72.00169
236.51366 -117.21228
4.88904 307.97403
-254.39128 -53.76697
223.07738 114.341194
-252.5743 235.18584
175.70554 -3.6785557
76.60219 296.43567
-195.95221 226.26962
75.189445 -279.91595
7.6455 244.64748
-3.8858118 -117.6617
152.7797 -166.14267
-141.24893 266.38824
-102.7676 -207.78114
269.62073 143.42955
-195.00067 -99.946884
285.58762 30.064844
-81.11622 132.412
155.02644 -226.17299
150.00513 238.3454
