NODES 120
EDGES 470
0 1
0 2
0 3
0 4
1 2
1 3
1 4
2 3
2 4
3 4
5 0
5 1
5 2
5 4
6 0
6 1
6 2
6 4
7 1
7 2
7 4
7 5
8 1
8 2
8 4
8 7
9 0
9 1
9 4
9 7
10 0
10 1
10 4
10 7
11 8
11 1
11 4
11 5
12 9
12 11
12 1
12 7
13 2
13 11
13 12
13 5
14 8
14 1
14 10
14 4
15 5
15 4
15 13
15 6
16 10
16 11
16 4
16 15
17 10
17 4
17 6
17 7
18 2
18 3
18 4
18 15
19 0
19 1
19 4
19 13
20 16
20 17
20 19
20 5
21 17
21 18
21 11
21 14
22 10
22 11
22 21
22 15
23 4
23 5
23 6
23 15
24 10
24 2
24 4
24 15
25 11
25 2
25 19
25 7
26 16
26 0
26 20
26 25
27 16
27 3
27 4
27 13
28 19
28 17
28 11
28 14
29 9
29 5
29 1
29 7
30 8
30 1
30 22
30 17
31 17
31 5
31 28
31 4
32 1
32 2
32 11
32 4
33 0
33 11
33 4
33 21
34 0
34 2
34 19
34 5
35 9
35 18
35 11
35 4
36 0
36 10
36 18
36 5
37 8
37 1
37 34
37 3
38 17
38 26
38 6
38 15
39 1
39 2
39 26
39 35
40 21
40 27
40 5
40 7
41 3
41 1
41 2
41 27
42 2
42 18
42 4
42 22
43 32
43 1
43 10
43 7
44 9
44 10
44 19
44 15
45 16
45 19
45 11
45 4
46 17
46 10
46 4
46 37
47 9
47 26
47 5
47 15
48 8
48 1
48 26
48 47
49 8
49 17
49 4
49 29
50 1
50 13
50 5
50 47
51 4
51 45
51 44
51 7
52 40
52 25
52 44
52 17
53 1
53 2
53 28
53 47
54 32
54 2
54 19
54 4
55 1
55 2
55 46
55 7
56 8
56 1
56 43
56 7
57 8
57 9
57 4
57 29
58 11
58 43
58 5
58 55
59 0
59 45
59 53
59 6
60 8
60 26
60 5
60 22
61 0
61 59
61 12
61 21
62 57
62 2
62 44
62 31
63 0
63 1
63 18
63 36
64 3
64 19
64 4
64 20
65 43
65 27
65 46
65 35
66 0
66 17
66 2
66 37
67 48
67 16
67 18
67 4
68 40
68 2
68 59
68 45
69 16
69 0
69 34
69 46
70 8
70 42
70 20
70 38
71 0
71 1
71 5
71 69
72 56
72 58
72 44
72 46
73 56
73 1
73 34
73 28
74 40
74 1
74 5
74 33
75 17
75 11
75 69
75 7
76 9
76 34
76 3
76 12
77 60
77 28
77 14
77 7
78 56
78 26
78 61
78 6
79 8
79 26
79 12
79 31
80 1
80 59
80 44
80 17
81 49
81 10
81 63
81 79
82 16
82 1
82 0
82 47
83 42
83 15
83 38
83 7
84 80
84 19
84 59
84 7
85 41
85 34
85 70
85 63
86 8
86 9
86 10
86 16
87 8
87 1
87 4
87 41
88 40
88 24
88 83
88 4
89 16
89 29
89 19
89 5
90 19
90 11
90 28
90 77
91 56
91 1
91 42
91 54
92 26
92 11
92 47
92 31
93 73
93 34
93 83
93 47
94 57
94 19
94 4
94 69
95 41
95 3
95 4
95 37
96 2
96 28
96 13
96 7
97 40
97 10
97 68
97 5
98 16
98 78
98 59
98 38
99 58
99 15
99 79
99 7
100 72
100 11
100 12
100 47
101 56
101 10
101 72
101 28
102 1
102 59
102 77
102 69
103 12
103 3
103 20
103 5
104 0
104 49
104 19
104 63
105 5
105 12
105 101
105 6
106 32
106 34
106 12
106 14
107 16
107 19
107 5
107 63
108 73
108 43
108 62
108 7
109 10
109 4
109 87
109 84
110 48
110 26
110 18
110 45
111 1
111 19
111 5
111 6
112 19
112 5
112 102
112 15
113 7
113 60
113 71
113 47
114 32
114 59
114 3
114 1
115 17
115 4
115 5
115 38
116 11
116 4
116 5
116 15
117 57
117 26
117 77
117 6
118 25
118 98
118 11
118 7
119 10
119 3
119 82
119 43
POSITIONS
29.983225 22.642128
-0.10873056 36.144775
37.943153 -53.83492
-41.06284 120.1301
-15.976033 -21.839685
107.91493 -1.8250762
-88.88847 -47.23394
-30.684742 -50.247345
37.52308 -9.957734
70.14442 -62.314373
-26.275417 -81.92316
30.759678 86.0505
-18.389359 97.54756
92.6117 26.266045
-121.972374 44.551548
37.617065 -94.80482
60.927288 30.720692
-107.54359 -95.35921
98.73782 -32.478355
-44.424374 -7.193153
-59.11553 -35.600006
26.109293 54.398045
61.02623 -31.666607
36.55708 -171.04999
14.246789 -32.329746
7.1861835 0.19746894
103.84231 -64.06581
-27.907415 52.05208
-108.36746 -16.533358
117.8975 -100.72382
-141.08214 18.902054
56.574608 -123.47634
-82.19412 79.59268
-90.28389 48.59416
56.33295 64.86652
-27.745222 20.051786
116.9388 -132.7088
60.899586 177.52219
-130.595 -155.35162
166.83122 -65.447075
117.786224 46.01285
-142.8501 70.0804
66.964195 -161.08127
-126.19755 113.26712
-105.65287 -131.64328
9.7401285 142.88396
-106.477394 16.267548
166.50388 41.389084
150.16707 68.90469
11.306046 -190.70029
188.19406 114.18339
-171.21933 -3.8931966
-23.277597 -161.1121
40.867455 121.36447
-78.75223 -109.30881
87.53471 57.861
-140.1725 -13.05919
98.49585 -191.7837
68.95679 136.67313
-113.91179 83.720345
182.2792 -37.43501
-97.982994 169.75146
6.166185 -228.84726
135.45921 -59.176388
-172.02379 54.572662
-123.54936 -44.700138
-22.103981 145.89146
0.06453694 -106.37803
136.79996 123.80872
-49.280083 89.19863
-83.08165 -190.87163
110.61613 173.05313
-222.82129 56.133053
-0.4760579 -60.743908
50.4207 207.7526
-186.0406 -32.25985
109.85577 141.06357
-164.87148 -71.74604
-155.35103 -41.22207
169.18896 -8.240868
-210.16066 -11.248365
182.6592 -173.22064
29.460176 183.56908
-51.215923 -246.35991
-59.440903 57.068417
-132.5548 -75.40726
176.90382 -95.80922
-71.13293 131.0162
-98.77111 -162.98473
200.92525 -4.126131
-162.44017 112.16558
-53.479645 -178.71698
212.60089 50.777607
24.74529 -126.73579
69.66871 -94.29395
-80.43283 218.82742
-53.80342 -138.27422
223.40047 20.655058
-180.15938 85.52016
148.40704 -110.36361
-12.48444 221.38974
-227.39178 -52.405125
68.08395 -0.4618303
-34.87536 189.66743
66.521805 -193.0798
60.998604 96.5075
-161.50621 172.77759
214.0077 -33.329952
-1.6392845 70.30376
-153.35355 -101.59574
242.36125 62.538464
-94.46797 109.131584
147.45207 -142.34697
219.98517 105.90058
-191.0159 147.39761
8.3139925 -156.01733
10.635377 110.90869
-66.74171 -218.38144
39.958054 153.33443
-137.17062 193.55688
