NODES 180
EDGES 357
0 1
0 2
1 2
3 0
3 1
4 0
4 2
5 0
5 2
6 0
6 2
7 0
7 1
8 3
8 5
9 8
9 3
10 0
10 6
11 0
11 3
12 0
12 4
13 0
13 4
14 0
14 10
15 9
15 4
16 0
16 4
17 9
17 13
18 9
18 3
19 3
19 11
20 0
20 8
21 0
21 18
22 0
22 12
23 9
23 11
24 10
24 20
25 24
25 11
26 19
26 5
27 10
27 4
28 17
28 19
29 9
29 6
30 9
30 5
31 5
31 21
32 6
32 7
33 8
33 22
34 9
34 3
35 9
35 27
36 32
36 1
37 0
37 18
38 35
38 23
39 32
39 31
40 6
40 7
41 32
41 11
42 6
42 7
43 9
43 7
44 0
44 32
45 24
45 14
46 26
46 11
47 35
47 38
48 35
48 45
49 1
49 10
50 45
50 7
51 32
51 27
52 10
52 13
53 26
53 28
54 11
54 3
55 45
55 5
56 24
56 26
57 10
57 12
58 48
58 23
59 40
59 55
60 8
60 55
61 9
61 46
62 26
62 36
63 1
63 59
64 28
64 38
65 50
65 6
66 0
66 56
67 0
67 60
68 0
68 1
69 9
69 55
70 36
70 53
71 54
71 46
72 8
72 9
73 24
73 23
74 48
74 39
75 5
75 38
76 0
76 46
77 10
77 70
78 8
78 68
79 35
79 28
80 0
80 39
81 18
81 31
82 15
82 31
83 1
83 76
84 35
84 3
85 43
85 4
86 35
86 78
87 9
87 14
88 10
88 53
89 67
89 28
90 0
90 2
91 32
91 57
92 0
92 23
93 9
93 13
94 36
94 4
95 18
95 29
96 0
96 1
97 0
97 3
98 88
98 35
99 57
99 4
100 88
100 15
101 89
101 9
102 3
102 101
103 9
103 15
104 9
104 61
105 4
105 39
106 0
106 29
107 9
107 11
108 11
108 101
109 0
109 98
110 0
110 13
111 48
111 29
112 36
112 29
113 1
113 28
114 9
114 100
115 0
115 100
116 48
116 50
117 88
117 53
118 55
118 7
119 88
119 4
120 66
120 35
121 108
121 119
122 11
122 85
123 3
123 27
124 10
124 12
125 97
125 86
126 48
126 23
127 3
127 5
128 0
128 3
129 33
129 19
130 0
130 31
131 34
131 6
132 8
132 100
133 72
133 2
134 132
134 110
135 44
135 70
136 107
136 36
137 33
137 63
138 123
138 46
139 136
139 17
140 91
140 131
141 4
141 53
142 0
142 39
143 50
143 5
144 26
144 134
145 0
145 77
146 49
146 46
147 18
147 29
148 46
148 142
149 117
149 5
150 50
150 141
151 12
151 119
152 10
152 126
153 10
153 3
154 0
154 84
155 1
155 36
156 35
156 70
157 88
157 51
158 4
158 143
159 136
159 68
160 24
160 1
161 17
161 10
162 68
162 38
163 18
163 101
164 24
164 127
165 2
165 67
166 123
166 5
167 11
167 19
168 93
168 6
169 88
169 87
170 29
170 5
171 91
171 52
172 5
172 6
173 46
173 55
174 48
174 143
175 40
175 28
176 26
176 163
177 2
177 10
178 33
178 10
179 145
179 35
POSITIONS
1.8929638 5.327449
16.585258 -30.375038
10.259906 -7.6966124
-41.35336 -35.016014
-6.3869824 67.51288
-14.479128 -8.196729
56.16835 9.563085
49.7459 21.449566
-36.93776 -17.449066
-24.790956 -37.152924
15.250776 62.272614
-64.57464 -14.22443
-11.534959 91.11499
8.80521 29.019447
12.473532 51.17939
-48.07912 10.707136
-6.791132 50.437782
19.900381 -41.04621
-28.770952 -88.771515
-68.29176 -36.05811
-30.04732 9.794105
-11.846026 -61.444798
-27.371395 59.75184
35.472355 6.93144
-25.016373 32.14484
-62.92307 19.407755
-73.14756 -21.836895
6.206697 52.727596
17.33994 -59.965458
30.376762 -67.97001
-30.04514 -29.20524
-9.636656 -38.586372
49.703926 41.893967
-45.957222 39.487625
2.7706563 -26.807495
74.14813 -17.8558
43.27517 -36.38487
-19.008905 -63.852875
83.07676 -44.95928
27.19692 45.87005
66.36366 -13.283322
-13.998884 21.052132
72.96603 20.872211
-6.910204 19.716108
63.058895 30.457397
42.455826 52.51752
-93.991554 -12.4264145
99.100975 -38.37315
92.53679 46.174606
-26.211731 17.329575
71.63085 73.56191
21.039427 84.250885
37.10726 82.07247
-9.626501 37.298008
-93.223114 -32.156136
15.571387 -2.1455786
-43.045437 0.9574191
23.733541 106.87915
83.695854 34.270954
51.252132 -13.97471
-14.016794 -31.321487
-76.93797 -47.81942
-24.501608 -51.308548
32.184376 -11.081684
65.4716 -70.54979
80.80433 50.934
2.7071216 -13.433553
-14.0524645 -55.71171
49.225574 -64.08855
-4.742782 -26.196651
76.444176 9.594321
-114.95511 -26.041542
-39.908184 -52.511337
3.8412113 32.076046
75.758415 59.87577
51.84221 -36.16743
-56.574226 -26.949354
72.55141 37.219482
38.983147 -61.37447
63.033714 -50.65831
21.476025 34.59185
-20.483799 -85.27573
-39.914486 -22.116707
-32.050278 -48.754482
31.629854 -33.574947
-39.361794 53.320644
74.59991 -59.2043
-24.078726 46.395462
-27.872452 80.83449
-31.843727 -79.963875
4.1549244 -6.8262205
66.310005 94.04887
28.416437 14.380882
24.205744 -7.6153502
25.160557 21.560667
-1.3796337 -100.03683
17.53551 -19.518883
10.689528 -45.67161
34.79227 40.491844
9.512327 109.15297
-69.94748 41.338917
-71.38314 -72.78075
-71.1047 -66.98355
-50.77237 -18.527397
-64.141716 -58.05909
12.923182 76.98078
24.125006 -48.82661
-24.74217 -67.89701
-98.10583 -18.47124
28.0865 30.932661
-40.927773 27.568636
83.897644 -12.751153
48.0265 -73.47735
19.705158 -69.35116
-65.8425 4.5345674
-50.449745 33.612877
98.68578 73.12551
-41.09937 69.0321
45.153965 11.637408
-52.93903 90.4954
53.815456 -23.507378
-93.90011 47.199924
-70.160446 30.195822
-63.61943 12.831352
1.2257583 98.47328
60.893658 -65.67432
73.30853 53.747883
-49.329056 -8.373291
-26.763487 -17.442749
-76.922905 7.28747
-3.4128156 -29.454626
65.47723 19.0728
-87.0202 23.481115
-19.483503 -49.45563
-98.11022 24.919922
92.69148 22.673893
31.059443 -91.07764
-9.482748 25.631603
-100.4595 4.659813
35.70194 -86.7197
86.21532 66.79983
10.591186 87.22013
-25.952452 38.18848
49.58557 71.66428
-108.75271 3.884918
78.37269 17.183899
-82.193474 5.5302362
3.0572789 -99.593704
-79.2702 21.908144
-46.101883 46.08737
47.666878 99.925125
-40.687878 109.480316
55.860615 75.908936
-21.174303 21.028254
29.586744 -21.269344
41.743114 -49.11122
97.70112 -7.604374
-7.0115013 105.08624
26.250362 91.24209
50.81316 -97.23305
-12.564716 3.053256
26.400557 12.024543
83.47162 -68.74169
-74.75367 -91.56665
-53.322403 19.98945
-1.7108186 -50.85004
-55.66152 7.0641456
-86.52078 -35.36672
56.89851 -3.2838979
-38.31415 82.817215
7.85666 -58.09993
63.21891 105.761696
33.44099 -1.8107815
-55.68192 -4.5383677
85.44785 75.34006
56.300922 -51.30031
-91.41643 -69.24505
16.640768 38.442436
-23.174881 69.011536
99.01568 -0.14082506
