NODES 135
EDGES 267
0 1
0 2
1 2
3 0
3 2
4 0
4 1
5 1
5 2
6 0
6 1
7 0
7 2
8 0
8 2
9 1
9 6
10 1
10 3
11 1
11 2
12 0
12 1
13 8
13 1
14 2
14 12
15 0
15 2
16 0
16 6
17 5
17 7
18 11
18 4
19 0
19 14
20 0
20 12
21 1
21 11
22 18
22 11
23 1
23 21
24 21
24 22
25 0
25 9
26 0
26 22
27 8
27 5
28 8
28 12
29 0
29 21
30 0
30 26
31 1
31 5
32 1
32 21
33 3
33 15
34 12
34 28
35 9
35 26
36 10
36 30
37 30
37 7
38 26
38 30
39 1
39 12
40 0
40 10
41 28
41 14
42 11
42 12
43 0
43 13
44 0
44 28
45 0
45 4
46 8
46 27
47 0
47 28
48 26
48 47
49 24
49 41
50 0
50 30
51 2
51 29
52 4
52 22
53 17
53 12
54 41
54 34
55 2
55 13
56 0
56 33
57 2
57 11
58 11
58 39
59 32
59 55
60 12
60 7
61 40
61 15
62 51
62 5
63 0
63 58
64 4
64 5
65 64
65 6
66 18
66 51
67 58
67 12
68 2
68 37
69 0
69 22
70 41
70 18
71 1
71 37
72 10
72 42
73 1
73 54
74 48
74 42
75 57
75 29
76 51
76 68
77 0
77 41
78 41
78 77
79 40
79 2
80 2
80 76
81 1
81 75
82 0
82 26
83 1
83 2
84 0
84 81
85 48
85 47
86 37
86 85
87 59
87 14
88 0
88 37
89 0
89 17
90 7
90 47
91 41
91 54
92 30
92 7
93 0
93 21
94 1
94 12
95 90
95 28
96 2
96 35
97 0
97 10
98 0
98 2
99 1
99 29
100 0
100 53
101 96
101 18
102 10
102 59
103 80
103 77
104 96
104 53
105 40
105 12
106 29
106 103
107 14
107 47
108 85
108 70
109 81
109 4
110 10
110 103
111 32
111 12
112 2
112 94
113 48
113 11
114 28
114 37
115 2
115 53
116 10
116 87
117 75
117 20
118 1
118 54
119 2
119 45
120 57
120 52
121 100
121 119
122 0
122 9
123 0
123 2
124 17
124 28
125 1
125 41
126 0
126 81
127 64
127 7
128 80
128 54
129 10
129 28
130 28
130 86
131 0
131 130
132 4
132 71
133 107
133 21
134 33
134 1
POSITIONS
54.690872 52.44213
100.04817 -33.29073
23.730255 -72.61766
-12.6368 57.46543
-47.829006 -24.704796
-68.79625 -96.92459
20.799698 106.29168
37.17481 25.704363
55.339195 -67.630196
-126.52449 80.30345
98.21196 120.25276
147.50919 -1.6999209
39.01713 -36.515007
197.95389 32.384457
-49.064003 -71.73256
-77.83765 -35.795017
194.1227 182.56615
-39.118908 95.21182
13.043519 -107.542854
4.927855 199.92296
-116.65883 -147.9493
238.39014 -26.777018
77.89025 74.46793
202.65553 -139.02434
205.07187 63.57515
-193.99149 47.499996
-61.308525 154.9052
-90.54991 25.716188
-91.71264 -127.90715
94.89276 -75.26511
24.088531 174.29375
108.83089 -175.4571
141.14859 102.60366
-161.99457 47.055244
-14.899162 -195.96918
-279.2922 25.8006
9.552748 -24.047457
106.457016 60.054512
-199.46074 164.1041
178.24025 7.1873355
59.94874 262.656
-181.14822 -264.882
138.46053 141.7101
-7.6882987 170.51253
26.428652 -149.58102
-65.663376 186.61276
-163.64288 -117.78761
-19.802485 -9.269734
-107.500725 234.25154
5.9645505 -248.89455
176.43808 219.30865
-31.865007 20.368376
77.940346 -167.1275
62.279114 109.60432
-102.53058 -345.59134
149.413 -69.80001
-169.34155 137.07455
124.01851 -228.95584
224.1377 133.85019
40.612305 81.17415
114.942024 -111.06588
-120.11464 281.761
-172.32733 -170.00853
268.78934 198.31683
-263.73273 -53.95716
-150.2668 -77.009
25.725424 137.90877
-90.10488 -6.2601266
240.39595 6.299799
-30.255789 228.26146
-128.36157 -242.68134
102.12795 178.15247
-68.63869 82.86411
70.94409 -281.7296
42.530777 362.20334
80.12831 -312.84454
91.80378 13.484396
-225.31717 -70.44493
-239.98163 -307.32086
129.47296 199.99333
-162.47887 -47.43088
230.74843 -157.96373
-25.052505 273.10214
-18.098791 -227.81041
296.67706 -6.0335793
-217.61746 23.173883
-31.535618 -148.52234
-75.99914 254.98831
-62.245895 10.32058
180.85608 115.87751
-137.51585 133.73915
-173.1523 -421.16272
88.09544 247.4326
10.596674 7.919375
152.96886 -188.8556
-261.93036 134.65161
-221.48189 -175.96915
245.68158 110.1888
-118.098015 41.977516
190.21379 -204.77068
58.354465 294.61563
-235.82396 -244.61337
189.695 -43.075474
-292.1913 160.34172
-125.27973 -195.99063
151.2131 238.99876
-254.64345 103.49233
195.3829 -173.19095
-295.33557 53.4883
-45.393715 -205.68335
-0.6328359 252.4217
-90.94326 166.98514
140.59206 -283.46432
119.89396 277.94672
-189.48325 -90.46589
202.45232 -13.730176
-21.534159 348.71997
-139.08443 -362.03662
137.33958 -160.93242
-166.57156 195.8046
197.11336 -346.12717
-99.93231 417.19373
-181.15717 -13.35538
219.23047 -55.390625
-248.2314 36.525116
-25.727102 -274.00003
286.0219 29.730577
-312.4707 -14.677513
-71.06105 -339.78888
-89.80259 106.86043
-23.780605 -305.94077
224.6633 -115.7938
-145.8017 225.5654
334.91187 -193.27563
51.423004 157.66307
