NODES 60
EDGES 117
0 1
0 2
1 2
3 0
3 1
4 0
4 1
5 1
5 4
6 1
6 3
7 4
7 6
8 0
8 1
9 0
9 5
10 1
10 5
11 1
11 4
12 11
12 5
13 4
13 6
14 10
14 7
15 1
15 6
16 1
16 10
17 10
17 11
18 1
18 15
19 1
19 4
20 1
20 5
21 1
21 10
22 1
22 5
23 1
23 9
24 17
24 4
25 0
25 4
26 9
26 11
27 1
27 26
28 2
28 14
29 0
29 17
30 11
30 7
31 1
31 22
32 16
32 4
33 12
33 22
34 11
34 5
35 5
35 23
36 2
36 4
37 8
37 22
38 32
38 18
39 32
39 17
40 11
40 38
41 11
41 4
42 11
42 4
43 2
43 19
44 6
44 15
45 32
45 25
46 41
46 29
47 34
47 20
48 19
48 4
49 41
49 4
50 42
50 5
51 25
51 31
52 0
52 1
53 1
53 34
54 11
54 47
55 1
55 5
56 2
56 22
57 13
57 45
58 9
58 5
59 8
59 5
POSITIONS
26.93195 -57.4385
50.952427 -9.369179
-102.0409 -73.111374
61.287857 65.099815
-30.787878 -1.7534477
101.20294 -10.008031
-3.1571088 -46.56364
-164.73296 -56.68554
92.478386 39.666534
52.94574 24.911095
66.22581 -57.555565
4.054455 73.25801
-75.288414 -3.0996158
87.94529 -83.57306
-133.7807 -77.26933
60.59278 -159.97937
105.621506 115.984116
-31.574194 30.531212
16.731064 -88.42159
-83.58087 96.460594
107.62359 -128.70767
182.73125 -55.34887
-66.273865 38.984222
-15.173226 -85.94849
-52.644478 136.06352
-124.41493 21.835379
107.801125 84.05923
1.3595111 176.71272
-179.88193 -192.34877
0.8864302 33.7826
-175.8685 52.441036
-70.235954 -69.58629
29.479464 161.43959
-219.09027 -51.328568
184.74275 28.94326
-29.34451 62.453438
-69.1955 -173.06682
63.985706 171.65146
-102.50614 144.35497
122.87647 55.839565
-86.145256 231.409
-105.29579 -104.94482
138.66219 92.527016
-222.1996 49.766956
89.66579 -215.91171
21.617802 110.09289
-190.11786 -101.1115
201.85587 -157.18701
-145.04584 157.63664
-105.48996 -191.60454
245.48282 81.77416
-255.32658 -33.56967
145.98279 -90.42179
153.9408 154.13786
37.59409 -137.72943
208.41507 -18.785946
-205.46088 78.59671
147.66628 -122.37747
159.13496 121.510666
-33.735374 -37.15459
