NODES 135
EDGES 399
0 1
0 2
0 3
1 2
1 3
2 3
4 0
4 1
4 2
5 0
5 1
5 3
6 1
6 2
6 5
7 1
7 3
7 6
8 3
8 5
8 7
9 5
9 6
9 7
10 1
10 3
10 7
11 8
11 5
11 7
12 8
12 1
12 3
13 5
13 6
13 7
14 3
14 1
14 11
15 3
15 4
15 6
16 3
16 5
16 14
17 11
17 6
17 7
18 8
18 1
18 5
19 12
19 6
19 15
20 8
20 2
20 11
21 8
21 1
21 19
22 1
22 10
22 19
23 10
23 19
23 15
24 0
24 1
24 22
25 8
25 11
25 14
26 1
26 3
26 4
27 11
27 3
27 7
28 9
28 3
28 7
29 26
29 28
29 7
30 0
30 25
30 8
31 17
31 11
31 23
32 1
32 10
32 19
33 20
33 21
33 31
34 17
34 18
34 23
35 17
35 5
35 6
36 2
36 19
36 4
37 1
37 26
37 19
38 26
38 11
38 28
39 0
39 6
39 31
40 3
40 13
40 15
41 19
41 21
41 6
42 5
42 11
42 13
43 24
43 1
43 19
44 32
44 28
44 7
45 25
45 4
45 14
46 8
46 26
46 3
47 33
47 3
47 4
48 25
48 12
48 7
49 2
49 5
49 7
50 8
50 1
50 3
51 1
51 3
51 7
52 8
52 1
52 7
53 41
53 12
53 4
54 26
54 20
54 53
55 1
55 19
55 25
56 11
56 6
56 15
57 0
57 5
57 46
58 9
58 26
58 1
59 3
59 53
59 6
60 42
60 5
60 31
61 40
61 1
61 22
62 32
62 1
62 7
63 3
63 27
63 28
64 32
64 9
64 3
65 1
65 26
65 6
66 1
66 5
66 6
67 5
67 51
67 13
68 1
68 13
68 46
69 8
69 3
69 7
70 1
70 28
70 55
71 25
71 4
71 69
72 8
72 3
72 31
73 11
73 5
73 7
74 4
74 62
74 7
75 66
75 59
75 6
76 28
76 5
76 70
77 3
77 28
77 5
78 3
78 43
78 19
79 35
79 11
79 5
80 1
80 13
80 78
81 80
81 26
81 22
82 64
82 59
82 15
83 20
83 61
83 23
84 49
84 9
84 7
85 64
85 22
85 7
86 48
86 4
86 71
87 8
87 12
87 14
88 18
88 6
88 87
89 5
89 78
89 39
90 1
90 19
90 5
91 17
91 50
91 12
92 36
92 61
92 7
93 69
93 13
93 78
94 1
94 11
94 31
95 1
95 28
95 4
96 0
96 85
96 5
97 41
97 60
97 37
98 48
98 74
98 78
99 11
99 37
99 63
100 10
100 60
100 20
101 89
101 21
101 5
102 1
102 68
102 31
103 1
103 26
103 4
104 73
104 74
104 3
105 19
105 14
105 7
106 75
106 3
106 86
107 81
107 28
107 7
108 97
108 67
108 3
109 1
109 3
109 62
110 58
110 13
110 39
111 3
111 11
111 14
112 8
112 19
112 84
113 8
113 1
113 23
114 18
114 109
114 111
115 12
115 78
115 15
116 1
116 91
116 7
117 74
117 75
117 90
118 1
118 26
118 100
119 28
119 14
119 7
120 66
120 4
120 47
121 1
121 18
121 4
122 65
122 11
122 1
123 82
123 3
123 60
124 26
124 4
124 7
125 1
125 98
125 77
126 5
126 69
126 31
127 1
127 95
127 7
128 8
128 19
128 5
129 19
129 100
129 30
130 3
130 4
130 69
131 25
131 11
131 92
132 24
132 82
132 6
133 26
133 52
133 60
134 48
134 92
134 101
POSITIONS
21.165077 -8.772812
-20.302378 9.915367
9.065684 22.134657
0.20367397 -14.089809
-27.120808 50.0974
24.917046 -37.42189
42.99809 -11.685389
-34.413074 -21.995754
9.074141 36.88919
-10.42736 -62.36577
-0.57910043 19.91817
-9.241825 -0.44493008
14.726573 50.694626
43.130375 -52.9474
-52.914513 15.875739
55.820744 22.78201
-14.662124 -30.574215
29.692352 7.5703993
-15.074494 38.48605
29.543474 32.241085
28.03536 73.93975
51.839283 46.99468
3.5650918 5.2344866
54.257954 56.476116
32.374622 -4.7028613
-37.261597 65.27613
-49.288456 24.564497
-33.296227 -39.5508
-68.192635 -45.321987
-77.407265 -18.962671
6.282757 69.49821
64.9416 21.67939
-24.345144 -15.852495
57.01785 70.00943
38.70101 51.347748
49.63907 -41.43199
0.36443278 68.636955
-15.62886 25.151464
-67.77914 -11.292578
71.032196 -31.930553
54.009335 -1.776006
62.926296 41.543167
45.03313 -34.68044
36.966278 8.774306
-60.10107 -41.16625
-58.8021 60.981907
8.489243 -3.0075629
16.635302 63.59845
-11.989224 52.583412
-2.8586175 -41.681168
-7.313419 31.026909
-8.88631 -43.708935
-32.25009 25.935364
36.075058 62.506405
3.2879124 82.198875
-41.649803 35.362087
50.03433 3.4344645
31.807337 -28.91202
-15.171799 -41.37242
68.71616 -1.6849389
57.44805 10.16096
28.327805 47.31846
-56.093323 -22.544252
-52.071198 -45.414173
11.322924 -57.601448
-35.618267 9.025878
37.92946 -1.1760062
32.07133 -69.06083
28.288172 -19.42502
13.098188 9.573867
-67.55449 -21.878326
-26.330132 75.1167
42.610943 26.121841
-20.910744 -51.203197
-39.821457 -37.61789
59.84292 -20.085968
-51.663906 -57.20525
-27.518688 -60.152664
50.474174 -19.854532
30.504509 -51.958015
7.104272 -38.885033
-48.38165 -21.867409
82.032974 -19.233974
50.36 81.36394
-11.326426 -53.46497
0.47602978 -58.30909
-15.478815 74.69305
-14.171179 58.747345
3.3710456 46.976723
79.34859 -30.02908
16.516853 -24.458054
-3.8961878 42.837555
-2.8635154 65.57518
57.446857 -37.92681
19.810072 16.264374
-71.94746 5.1973042
21.210583 -61.767693
51.813763 14.220163
-14.853759 -25.688166
-46.769276 -11.171955
18.276325 73.50688
75.36563 15.384563
42.83839 7.898385
-55.324833 43.562664
-33.2483 -58.641254
-38.068203 4.568552
25.624977 20.218023
-75.55843 -41.346
39.375847 -44.093494
-58.66251 -4.479713
47.63688 -65.57395
-55.88743 5.001736
17.141285 3.155285
25.020697 55.07738
-70.47917 19.465483
66.226875 30.983767
-38.20883 17.47399
15.793374 -51.065582
-36.136055 55.947643
-76.9253 -26.496807
11.656397 59.56691
-41.755135 49.30877
-43.917274 4.4104657
72.47415 -12.006106
-63.55914 28.823702
-34.42684 -47.281933
59.578033 -7.5799775
-68.9324 -3.2721043
36.245876 18.416832
24.215511 85.84325
-7.739841 21.56119
-26.043018 67.2487
76.15018 -19.471
-22.208761 33.93054
36.105003 68.33485
