NODES 75
EDGES 147
0 1
0 2
1 2
3 1
3 2
4 1
4 3
5 1
5 3
6 1
6 3
7 2
7 5
8 1
8 5
9 0
9 5
10 0
10 2
11 1
11 2
12 1
12 2
13 12
13 5
14 0
14 1
15 12
15 5
16 8
16 15
17 8
17 1
18 1
18 12
19 8
19 12
20 12
20 5
21 0
21 1
22 0
22 1
23 16
23 6
24 1
24 19
25 0
25 17
26 1
26 2
27 16
27 1
28 9
28 27
29 1
29 2
30 8
30 5
31 27
31 23
32 30
32 22
33 25
33 23
34 0
34 6
35 1
35 23
36 0
36 16
37 2
37 23
38 27
38 20
39 8
39 19
40 33
40 26
41 32
41 1
42 26
42 18
43 2
43 3
44 33
44 11
45 0
45 22
46 3
46 36
47 19
47 6
48 38
48 15
49 33
49 1
50 32
50 37
51 8
51 13
52 33
52 1
53 41
53 6
54 1
54 23
55 32
55 39
56 17
56 21
57 8
57 1
58 53
58 5
59 51
59 12
60 0
60 27
61 11
61 45
62 2
62 11
63 59
63 6
64 11
64 43
65 27
65 15
66 0
66 1
67 11
67 22
68 0
68 49
69 33
69 22
70 0
70 57
71 59
71 53
72 27
72 5
73 8
73 34
74 3
74 38
POSITIONS
-26.719532 -15.7358265
-4.261275 6.6094327
-25.584333 2.932454
-0.7347345 -23.381046
-3.161887 -13.719805
34.80042 -19.453106
28.995281 13.195149
6.7110996 -13.93602
30.608929 4.425098
6.7750206 -40.944622
-39.45637 -10.119435
-60.037937 12.784855
40.110607 -2.6476743
58.027584 -10.923329
-19.993292 -7.889707
45.949493 -38.5154
21.547188 -26.484163
-15.209801 0.35064802
13.903099 25.06158
43.593452 26.050806
49.413067 -31.31577
-32.71646 -21.921913
-39.18932 24.466516
5.4179735 18.235285
24.491274 26.391241
-36.916485 10.51011
-20.075 35.785797
22.029459 -44.19264
13.589991 -56.685215
-20.664192 12.590784
34.141724 18.766577
16.599594 -18.500353
13.887132 48.669983
-40.480278 37.880672
13.043501 -3.7355583
-2.0693176 21.968079
-10.107766 -39.433968
-7.096627 36.09108
41.797737 -57.827274
43.66572 39.577156
-35.533092 50.225796
26.767385 36.717308
-4.148951 44.19392
-44.2572 -16.497654
-62.192192 33.255306
-57.68866 5.5920715
-11.282953 -46.212505
47.888885 24.534386
53.13281 -58.239784
-34.319267 20.391499
3.1634996 56.148754
65.78153 -0.104667574
-27.573307 32.505962
57.389893 23.502275
0.8280403 25.602795
34.159145 56.347225
-37.6904 -19.242466
6.41312 -4.1474705
57.229763 1.6131331
72.60205 9.464831
-4.042867 -43.235165
-73.483536 9.811043
-54.944332 2.5063965
62.048706 14.262814
-65.91475 -6.8790703
41.2682 -50.984726
-16.542141 -11.452707
-62.512733 24.40137
-42.61817 1.5381097
-50.451866 41.919018
-12.784605 -19.665358
77.33592 21.087906
34.6065 -41.159336
25.477917 -2.9411056
22.877172 -55.029224
