NODES 180
EDGES 357
0 1
0 2
1 2
3 0
3 1
4 0
4 2
5 0
5 2
6 0
6 2
7 0
7 1
8 3
8 5
9 8
9 3
10 0
10 6
11 0
11 3
12 0
12 4
13 0
13 4
14 0
14 10
15 9
15 4
16 0
16 4
17 9
17 13
18 9
18 3
19 3
19 11
20 0
20 8
21 0
21 18
22 0
22 12
23 9
23 11
24 10
24 20
25 24
25 11
26 19
26 5
27 10
27 4
28 17
28 19
29 9
29 6
30 9
30 5
31 5
31 21
32 6
32 7
33 8
33 22
34 9
34 3
35 9
35 27
36 32
36 1
37 0
37 18
38 35
38 23
39 32
39 31
40 6
40 7
41 32
41 11
42 6
42 7
43 9
43 7
44 0
44 32
45 24
45 14
46 26
46 11
47 35
47 38
48 35
48 45
49 1
49 10
50 45
50 7
51 32
51 27
52 10
52 13
53 26
53 28
54 11
54 3
55 45
55 5
56 24
56 26
57 10
57 12
58 48
58 23
59 40
59 55
60 8
60 55
61 9
61 46
62 26
62 36
63 1
63 59
64 28
64 38
65 50
65 6
66 0
66 56
67 0
67 60
68 0
68 1
69 9
69 55
70 36
70 53
71 54
71 46
72 8
72 9
73 24
73 23
74 48
74 39
75 5
75 38
76 0
76 46
77 10
77 70
78 8
78 68
79 35
79 28
80 0
80 39
81 18
81 31
82 15
82 31
83 1
83 76
84 35
84 3
85 43
85 4
86 35
86 78
87 9
87 14
88 10
88 53
89 67
89 28
90 0
90 2
91 32
91 57
92 0
92 23
93 9
93 13
94 36
94 4
95 18
95 29
96 0
96 1
97 0
97 3
98 88
98 35
99 57
99 4
100 88
100 15
101 89
101 9
102 3
102 101
103 9
103 15
104 9
104 61
105 4
105 39
106 0
106 29
107 9
107 11
108 11
108 101
109 0
109 98
110 0
110 13
111 48
111 29
112 36
112 29
113 1
113 28
114 9
114 100
115 0
115 100
116 48
116 50
117 88
117 53
118 55
118 7
119 88
119 4
120 66
120 35
121 108
121 119
122 11
122 85
123 3
123 27
124 10
124 12
125 97
125 86
126 48
126 23
127 3
127 5
128 0
128 3
129 33
129 19
130 0
130 31
131 34
131 6
132 8
132 100
133 72
133 2
134 132
134 110
135 44
135 70
136 107
136 36
137 33
137 63
138 123
138 46
139 136
139 17
140 91
140 131
141 4
141 53
142 0
142 39
143 50
143 5
144 26
144 134
145 0
145 77
146 49
146 46
147 18
147 29
148 46
148 142
149 117
149 5
150 50
150 141
151 12
151 119
152 10
152 126
153 10
153 3
154 0
154 84
155 1
155 36
156 35
156 70
157 88
157 51
158 4
158 143
159 136
159 68
160 24
160 1
161 17
161 10
162 68
162 38
163 18
163 101
164 24
164 127
165 2
165 67
166 123
166 5
167 11
167 19
168 93
168 6
169 88
169 87
170 29
170 5
171 91
171 52
172 5
172 6
173 46
173 55
174 48
174 143
175 40
175 28
176 26
176 163
177 2
177 10
178 33
178 10
179 145
179 35
POSITIONS
34.995502 -95.57156
133.78407 -69.81649
-49.00779 -121.842026
87.70345 3.561865
-109.25218 -53.41516
62.823868 -132.76291
29.382576 14.290767
24.029007 48.889614
59.76487 -53.94357
-68.321144 101.290535
-51.6525 -50.084015
-13.024845 -2.457121
-193.51837 -179.70894
16.418306 -14.991105
-52.97396 150.46945
-203.5703 50.873714
55.22772 33.15953
-70.94616 -0.9128665
166.15286 88.168564
16.645185 84.14662
-78.84777 -110.329094
214.92357 -89.931984
-210.18892 -93.33038
78.17261 70.52618
32.98247 124.41772
-176.06676 79.85421
110.15873 70.18666
-32.52238 84.277054
10.66177 -116.31271
112.60326 180.39699
-172.71188 -47.80752
164.45618 -215.10301
29.411158 -64.068436
-142.4636 -10.410702
199.37976 70.84611
-145.46483 176.47049
130.38585 -214.36412
178.40863 157.33115
-140.71571 -47.609573
197.40775 -21.550014
2.660382 134.66946
-5.658298 -204.82213
136.58449 148.12355
-228.02277 136.1178
-35.91293 -261.91656
87.00683 290.855
-74.29409 -72.70505
-58.734547 65.95137
-62.231186 399.77008
18.140675 -242.34085
38.44933 257.78726
-119.44893 86.00906
67.67049 -90.833206
-80.687065 -158.80469
-18.139042 -130.20686
261.72754 50.348095
15.735751 280.3282
-121.78709 -298.58075
97.80975 332.6965
104.60857 149.41005
235.84491 -148.44064
-171.61139 111.54252
61.352226 -265.3503
100.39948 216.55013
-262.7105 -133.3935
173.76703 51.691723
61.57265 159.0567
121.592735 -264.96097
219.15883 -193.8712
102.727936 248.4653
-199.61766 -266.5746
46.218037 71.93637
-113.59353 -134.0959
247.3324 19.838985
66.04435 336.555
-145.17253 -258.4678
103.11652 -145.46637
-292.61203 -74.03113
190.74596 -300.12582
-80.64758 198.1613
19.072515 -182.71979
335.0648 -125.70344
-69.118454 31.034027
154.61687 -274.09927
146.20117 113.18675
-359.51813 10.422604
88.23605 -207.90637
-235.85368 230.66039
-258.5226 -85.09492
67.10042 -174.1012
-137.32065 21.17331
-110.575165 -221.59283
225.77847 94.552536
-167.89063 153.64322
181.57901 -242.13646
204.39117 277.01053
-37.532894 -207.62062
244.74461 -108.9821
-357.5674 52.87064
-39.5008 -340.74292
-203.37122 167.33362
-80.85946 166.162
204.98756 39.361713
-254.59448 202.43364
-183.26854 -110.62868
226.52036 126.54282
-88.846634 76.74763
136.47108 -110.04426
-121.75681 272.87497
-289.82706 -150.38445
258.3908 82.17459
-84.27613 376.57483
229.63675 -224.1067
142.04828 55.839825
-299.1221 130.27475
103.51831 38.8825
-26.86494 468.04218
-163.50793 -317.61337
331.5063 113.84054
-327.5199 10.085811
-38.594498 21.422043
-285.559 317.01935
-320.59323 -55.167934
136.85306 -13.03129
-248.19034 40.334915
265.44467 -337.3871
144.82994 320.60022
-138.99138 -114.62841
215.47983 -121.92737
-133.5459 225.13177
27.48875 -309.0839
232.44814 63.259445
-5.0318365 250.67256
-74.26632 -323.92664
275.7386 310.9159
-245.65495 -379.73367
330.8875 -236.23297
-152.34889 282.26242
60.74267 -233.1734
323.40103 -23.959145
-110.341415 -100.36781
48.45278 -11.406147
26.699451 155.79929
-207.99783 82.62944
345.5295 225.71693
-263.76843 118.97738
-97.86922 -353.6008
276.07025 236.78589
-260.38052 10.747772
61.780624 -376.06674
108.9752 362.6839
-384.18784 -177.35995
239.40833 177.8169
-141.4422 62.76955
247.14551 -178.38693
194.7715 102.49774
-332.21613 -89.619576
-47.304188 -89.89737
-324.00436 81.77726
354.22165 -349.12384
208.3032 185.3317
-242.8637 -54.557777
130.36325 -304.54254
52.300457 299.98978
-230.60861 -117.96621
267.42783 -153.63643
-78.11269 -32.088886
31.982752 -142.44792
-49.784645 281.16095
-420.20654 37.75829
265.6081 -30.045628
-39.63902 115.47516
-53.971745 -235.06981
279.5157 -1.2258714
-277.20468 286.12915
149.3778 -143.37843
171.622 341.64334
-176.42793 -217.83109
100.31038 -92.6308
-318.70358 290.06335
